100
0.0000 94.8485 117.3470 81.2194 111.5930 89.7020 83.9439 93.4779 97.7923 97.8345 107.5159 97.0602 96.5187 101.5426 89.7925 79.5140 82.8069 102.9082 93.9932 90.1671 96.4481 98.6092 100.8914 112.2938 93.7631 112.0567 91.0089 92.9412 112.5562 110.7071 100.7161 100.3261 89.8071 108.1976 97.1843 106.3041 94.9673 100.5320 81.8893 94.7901 90.2710 93.7201 99.8847 107.1985 114.4456 103.7586 82.5745 93.0025 110.8451 102.5818 107.6101 88.4617 93.1096 96.6874 111.9647 94.9207 99.7749 93.0157 107.7324 90.5895 94.6905 109.6803 108.6976 118.9723 106.8327 90.9046 117.0719 93.4594 109.2735 94.8865 107.5211 102.1571 106.8385 117.1824 81.2587 105.6054 97.2196 91.3181 111.4084 93.6173 96.1099 105.0570 83.3243 108.0625 93.7595 104.3070 113.4030 99.2166 96.5212 105.6187 116.1619 107.4488 104.0323 105.2798 97.9859 106.8919 105.1505 94.0537 97.9295 88.2254
94.8485 0.0000 99.5753 100.7028 110.3902 72.2848 97.8534 116.9905 95.0575 86.7425 104.4447 94.0336 91.6819 106.2268 98.1496 92.8218 107.5406 91.9840 93.4178 97.1640 93.3071 82.4391 112.5194 103.3507 101.5397 114.1584 96.6949 106.0712 105.3184 91.2719 108.4092 79.8772 88.4656 111.7517 95.1773 108.1848 99.3554 97.1818 104.6746 84.7304 107.5910 101.3573 97.2197 93.6211 88.2391 95.6149 101.1821 108.3701 97.5259 103.2003 105.3477 104.8787 98.5734 94.3275 111.3353 108.3596 115.0830 101.8500 114.3251 92.8098 104.4254 100.6210 99.1440 93.4056 120.0668 112.3842 97.4676 88.0186 100.9447 80.7673 111.5324 106.4601 94.9803 93.1092 106.8319 101.7251 93.3128 106.1522 106.2665 111.2058 96.4321 98.2774 95.5553 99.4237 95.6812 111.0516 83.7427 102.7928 106.2099 106.9573 101.3987 108.4378 91.9094 101.0181 110.6204 96.4762 98.2144 91.1482 101.3653 105.5856
117.3470 99.5753 0.0000 121.3191 94.5319 90.4570 97.3623 87.0288 93.5052 108.0488 98.9021 93.4520 104.0921 100.8719 100.2319 99.1410 102.7160 101.5624 83.6490 108.0708 107.9114 104.6543 101.2137 96.4329 104.4963 116.2726 109.2053 104.2396 97.2547 93.1491 111.4923 108.0262 104.6818 95.8686 130.8432 105.1434 96.9536 109.8709 90.1605 101.5887 89.9076 86.4330 84.0443 123.2789 114.4863 105.1957 101.4133 109.9285 104.4038 110.0877 79.9396 91.2508 111.6693 112.9382 111.0743 80.5666 102.1362 115.9046 103.4352 110.7693 109.5518 95.3673 111.6290 103.1862 85.5471 80.6758 83.1238 99.4123 102.5952 114.8077 85.0361 108.6937 93.2598 105.8505 107.9943 99.6232 99.6887 90.3281 107.3141 92.9321 109.8847 95.3388 102.5864 112.2418 102.7984 102.8877 113.2447 92.0121 108.5669 94.8144 115.8587 98.5729 94.2079 95.6166 88.3120 115.1384 95.5770 102.3175 96.1163 102.9089
81.2194 100.7028 121.3191 0.0000 109.2330 100.1106 85.8537 102.3281 94.1926 106.0271 105.8668 91.0326 97.5722 88.9255 108.8893 94.6790 105.5940 99.8826 75.7549 95.1791 97.3118 99.9858 92.3534 95.2004 94.0725 101.2592 83.6887 87.8632 117.9898 97.8108 107.2034 98.6751 124.0267 78.4550 111.3084 107.7798 99.5685 78.7712 94.6083 96.8569 103.6334 100.4119 101.4344 77.1137 89.5356 97.5512 104.8076 104.2979 103.1135 103.9022 109.1765 93.7114 101.5106 90.4317 89.7348 101.9289 92.4917 109.0839 99.2678 111.4404 107.6327 97.2847 104.3430 95.5564 94.8621 116.6835 93.9537 119.8696 101.2895 105.4067 98.8213 109.2653 104.9855 99.2387 112.4845 98.6410 95.7569 93.6442 99.1937 89.7770 97.8104 84.9625 102.2343 99.7187 97.0388 93.6001 93.4346 108.0961 106.2790 110.9348 89.3670 101.8684 89.6932 88.0987 113.1139 99.8279 107.0899 98.3859 101.1031 112.7501
111.5930 110.3902 94.5319 109.2330 0.0000 100.1872 92.1470 105.0639 99.8239 104.9535 113.2418 99.6171 99.2079 100.1622 109.1503 88.9448 95.9265 100.3770 95.6060 100.1332 108.3062 85.6129 94.8907 82.2746 95.2109 94.7505 93.4137 101.1676 107.2574 100.6074 97.9421 107.6936 109.2865 111.2939 98.9347 99.8105 70.9851 101.5862 112.2737 96.1372 100.4142 96.2907 97.3562 117.5204 117.1382 103.1509 122.6940 95.9408 109.3002 90.9347 85.4853 117.0403 98.8692 105.1186 109.7531 94.0254 79.5373 98.0567 107.3397 112.7388 84.6430 88.3420 115.8669 111.5641 102.0259 102.2236 99.0231 103.1949 95.6112 94.2897 88.1809 104.5402 93.7075 99.3588 91.6687 99.2832 89.6895 90.8104 97.6749 90.4903 93.1685 109.1594 107.9565 111.3757 113.9519 114.4282 84.0587 101.2411 94.0868 121.1324 96.3991 96.5746 98.7641 98.8386 99.6568 93.5332 101.9836 97.3650 109.5328 96.9155
89.7020 72.2848 90.4570 100.1106 100.1872 0.0000 109.2342 106.5986 84.5121 89.2537 92.2978 91.2760 95.1950 86.8783 96.4152 89.7756 107.6142 115.8875 117.3944 107.4146 103.0848 106.5514 113.4353 101.7552 120.4297 105.7113 123.1446 120.9566 102.7404 97.5633 102.2242 111.8685 87.3390 108.6773 105.8005 109.3349 108.2582 91.2047 91.8666 102.0669 99.7203 102.2401 96.0869 96.4999 96.8688 92.6537 104.7582 90.3871 78.4296 98.5436 96.6128 85.5035 100.5732 97.9787 96.2157 95.7622 93.9826 112.8286 93.4778 100.8442 104.8588 82.2882 103.8451 115.5008 110.0993 108.0417 119.8110 87.3846 110.1103 106.4407 95.2149 100.2832 109.6766 103.9643 116.7531 96.6609 92.1817 86.5568 97.3919 105.6889 106.9917 94.7730 100.4118 103.3536 95.1401 108.4805 96.6101 90.5878 105.3603 120.8378 101.1750 104.7216 96.6416 96.1356 96.3318 108.0694 106.8810 89.4852 97.0383 97.9719
83.9439 97.8534 97.3623 85.8537 92.1470 109.2342 0.0000 73.0082 96.9373 109.4298 97.1368 106.5356 99.9096 107.6120 115.9266 104.6413 87.7925 96.2859 112.9826 99.9379 105.2667 86.9756 110.7509 79.9507 105.7062 103.7668 77.0335 97.3368 94.2363 97.3079 98.0116 95.5691 82.3395 99.3559 87.8443 114.0447 109.7346 105.2742 93.7764 107.3332 98.6806 99.3184 106.3613 85.9331 99.2547 74.7003 105.2701 95.9425 89.9590 94.5605 84.4419 72.1967 100.1349 91.3170 104.4912 106.3293 94.3614 105.2425 100.1518 96.9692 89.6753 101.5754 100.6290 112.1053 90.3763 107.9679 98.1837 109.8402 100.4953 112.3567 118.4036 101.8071 76.4421 94.4020 91.6538 93.6778 99.9280 86.4335 100.1642 100.7195 99.0080 103.3231 93.7558 106.7802 109.0593 96.2096 95.8527 80.8854 114.2373 103.4177 95.9219 112.8798 108.0417 91.9374 102.1569 97.0969 106.0982 110.1095 100.7992 82.8061
93.4779 116.9905 87.0288 102.3281 105.0639 106.5986 73.0082 0.0000 77.4527 89.0572 106.3332 98.0945 102.8439 121.1861 90.7493 109.1142 102.4463 109.8595 108.4377 100.7109 96.0639 93.2806 82.3093 101.1770 104.1001 104.1849 107.4324 112.4307 106.1102 80.2186 86.1222 95.8319 102.9975 80.1915 108.6461 82.4182 92.5451 92.5325 90.2864 111.7348 82.2617 109.7875 97.5186 110.9195 97.6077 93.9956 100.4643 97.8770 96.3413 111.3398 89.3207 114.6449 88.2318 103.9612 86.7185 107.3663 95.6880 110.6510 102.2670 91.1470 107.1370 106.5250 97.0981 84.7888 102.7611 72.9552 108.4440 99.7512 91.1600 96.2024 97.6641 87.6456 113.7230 107.9848 112.0216 103.0299 96.7516 103.6476 77.3498 89.4782 108.3023 99.3205 81.0593 109.0612 112.6857 104.4029 97.2886 97.1772 89.0536 83.6479 96.0574 106.1835 105.8648 94.3615 106.1629 96.1922 109.8084 93.2411 103.4087 115.2741
97.7923 95.0575 93.5052 94.1926 99.8239 84.5121 96.9373 77.4527 0.0000 92.8768 89.0218 113.3175 122.9613 79.2993 102.3710 109.1238 110.6952 104.3912 107.3571 94.5504 118.7036 93.2079 100.6471 103.9848 94.7395 99.1385 110.2223 89.6864 92.2700 94.9966 118.2514 94.4244 106.7348 101.0943 94.8274 94.1854 101.2090 120.3200 102.1834 93.8418 99.4047 85.6258 106.4432 118.8973 107.3142 75.2989 103.5110 95.0441 99.6725 89.5491 84.2541 93.4982 91.6085 99.1229 117.9300 91.0899 95.7935 114.5034 88.5780 94.0832 105.3447 97.4825 92.4047 110.2105 93.0207 104.2263 103.2456 97.3525 101.7914 98.3099 99.7972 102.1581 94.3452 98.1843 67.3815 101.3815 92.2426 103.2939 106.7455 106.5744 93.3475 97.9970 107.3494 71.7842 112.4988 123.8206 102.3656 113.4582 91.6566 99.2012 88.2831 104.5889 102.4567 120.9519 87.2367 94.0793 89.1188 95.7070 103.9970 114.7934
97.8345 86.7425 108.0488 106.0271 104.9535 89.2537 109.4298 89.0572 92.8768 0.0000 107.5603 93.7616 107.5873 95.2526 109.1995 118.7990 98.4507 122.9165 99.7908 100.6195 107.8923 100.9732 114.6741 98.5584 104.8846 111.9576 105.8433 96.3371 117.1108 102.3882 92.9865 87.9550 114.4348 113.9398 103.4200 94.4659 96.5609 95.4244 93.0758 100.1037 97.3156 78.0629 102.6046 94.7915 83.6456 107.7415 101.1964 84.9784 105.1998 88.9262 102.7780 91.5052 92.5968 114.2005 108.1281 94.4030 93.9308 97.7676 93.0709 101.3324 95.6714 107.8789 91.9103 101.4524 104.4240 76.5756 92.4084 100.3195 90.3905 116.0965 120.7145 96.3968 92.2836 88.1532 84.6394 106.5753 111.0638 108.4737 97.3208 98.2659 91.5083 100.6164 95.5605 86.7113 99.7756 89.4993 95.8461 110.2749 99.6276 90.4540 99.1235 97.7122 75.6217 92.3798 106.8435 96.2639 78.6625 81.4897 105.1777 105.9058
107.5159 104.4447 98.9021 105.8668 113.2418 92.2978 97.1368 106.3332 89.0218 107.5603 0.0000 108.5692 95.5889 103.1961 100.1571 102.9072 92.9371 112.5758 101.0600 98.2374 110.1519 101.6613 119.1514 98.1183 92.1589 97.5391 108.8279 100.2639 101.9230 100.3479 111.0768 109.7089 101.4989 92.0080 98.0451 99.5308 90.7491 101.6832 99.8940 104.1292 110.2319 97.0603 82.9723 121.0912 94.7656 107.7635 87.8832 101.9745 100.6982 110.9909 103.4544 114.7900 98.6323 105.1738 94.5639 106.5115 101.7840 96.1619 104.9785 109.0638 103.3214 97.4144 100.5727 87.8382 102.1923 89.1839 86.2554 96.1907 112.6568 98.7576 95.1494 97.2777 87.7595 110.1370 98.1328 104.2504 97.6543 105.6102 95.5514 101.8428 92.2472 111.4681 91.8572 118.0833 97.1386 104.1813 90.8701 97.6817 114.9462 99.9247 87.6129 79.3343 95.4285 106.4718 88.9500 116.4478 100.1953 90.9665 97.0801 109.4481
97.0602 94.0336 93.4520 91.0326 99.6171 91.2760 106.5356 98.0945 113.3175 93.7616 108.5692 0.0000 110.9700 118.3018 106.9973 100.2517 101.7763 91.4672 97.0906 114.4900 108.9828 102.6064 97.7302 109.5371 94.6342 97.6481 106.7729 81.0356 87.9228 110.7659 111.7172 89.9794 99.1704 96.8032 85.5045 101.8785 91.3081 107.4749 92.8113 104.1247 113.1333 102.7171 124.5151 94.7950 119.8816 85.0818 119.2437 106.3530 92.5745 109.0495 115.0138 79.1066 98.9540 96.6235 84.8474 93.2379 105.1898 92.1904 102.2505 91.0646 90.4793 90.1869 100.8549 100.5469 117.7187 100.8304 91.3802 99.0186 115.2841 98.0113 113.8350 107.2921 96.1230 106.1751 82.3789 109.2618 100.8180 109.9109 101.7429 100.6231 104.0357 96.4911 101.1040 105.5679 86.3914 98.9951 99.8239 107.6010 91.5503 96.7483 88.5705 103.6418 89.7044 97.6594 99.4355 99.3031 115.0628 106.4418 89.3991 113.2196
96.5187 91.6819 104.0921 97.5722 99.2079 95.1950 99.9096 102.8439 122.9613 107.5873 95.5889 110.9700 0.0000 96.2930 86.0544 88.4777 102.2030 94.6681 89.3889 99.2859 103.7163 89.5688 92.6720 94.4797 95.3457 118.1103 91.7819 81.2743 95.6324 112.4095 98.2762 95.6318 91.2737 108.0242 109.2452 108.1304 104.5563 87.6223 92.2039 101.9809 97.0329 88.8780 105.9697 103.6851 110.0255 114.8813 102.6965 117.9953 118.2125 95.9971 104.1681 108.5941 93.1026 91.5047 98.8734 90.1016 91.8345 109.9183 100.9994 94.4216 89.6622 95.4035 119.0080 103.7249 93.2176 100.4559 90.3559 90.7940 100.1668 104.9184 97.1893 105.0415 109.2166 78.0777 102.6986 106.1751 108.2506 106.5935 104.1997 92.9095 111.7022 101.8090 97.8205 92.7355 95.6693 101.3236 93.8560 106.4402 114.2098 84.7901 95.8582 101.8530 82.7012 99.6031 85.7899 103.0101 105.7790 95.2020 111.4934 105.9579
101.5426 106.2268 100.8719 88.9255 100.1622 86.8783 107.6120 121.1861 79.2993 95.2526 103.1961 118.3018 96.2930 0.0000 98.8444 108.7428 99.2612 107.8360 112.5434 99.7244 110.6606 95.3677 99.1142 97.8967 101.1527 96.0624 113.5174 97.1349 101.3838 109.9241 103.5553 108.7688 124.3381 106.6296 73.4816 107.1489 102.6280 94.1849 110.9325 115.2903 95.4947 103.0380 91.6647 90.5859 98.9412 106.7589 102.5035 102.6346 94.2190 110.6026 102.2405 101.4066 93.7033 112.6650 105.6754 90.9611 94.9290 110.0835 93.7127 81.9720 122.3312 101.7643 82.5197 80.0204 102.2261 95.3214 99.4919 92.6930 94.4082 94.1463 122.1434 89.1719 84.3616 89.5404 83.5016 101.9605 103.0175 80.2105 111.8327 122.1285 102.2346 103.8464 115.4603 87.8209 82.6227 86.5127 86.5301 109.0566 104.8047 95.1415 86.5647 95.2182 103.6583 101.6909 102.9399 88.8993 88.0576 111.2050 100.3762 108.7754
89.7925 98.1496 100.2319 108.8893 109.1503 96.4152 115.9266 90.7493 102.3710 109.1995 100.1571 106.9973 86.0544 98.8444 0.0000 102.6096 101.8744 109.6454 112.4625 101.1873 115.0132 96.1098 95.6470 94.8507 105.1277 89.9274 79.7835 88.3858 97.2182 104.1176 114.9775 105.6427 85.7269 96.8934 96.9033 96.2364 104.1442 107.0026 108.1838 85.7013 97.5285 103.2222 85.0243 88.5667 95.5508 103.6711 90.3498 90.4752 97.8918 105.1201 94.0588 81.9142 98.8597 104.7811 105.9199 87.6485 94.7425 106.4672 88.7416 97.6972 97.3294 107.9254 96.5871 102.9070 106.7470 89.3373 93.8717 71.5673 90.9444 106.4339 106.7993 101.3994 99.7357 85.8569 93.3751 94.1118 105.6477 96.2224 90.3182 92.0543 105.1540 98.5956 95.1968 83.5999 96.6351 107.2328 104.2845 99.2242 103.4229 98.5931 79.6382 102.4826 101.5048 103.5496 96.0399 102.3189 108.3906 92.7532 92.5308 85.8610
79.5140 92.8218 99.1410 94.6790 88.9448 89.7756 104.6413 109.1142 109.1238 118.7990 102.9072 100.2517 88.4777 108.7428 102.6096 0.0000 112.5481 99.0177 105.5847 104.4889 93.2114 104.4662 90.8776 98.7323 91.7197 116.7706 104.6358 96.6927 96.1672 100.1648 74.8831 116.2697 120.0117 95.3959 118.8396 100.7068 112.3865 86.8400 98.9536 110.6979 97.5780 99.7187 87.2253 99.0395 102.8746 90.8036 114.9337 94.3304 112.7149 102.5771 89.1755 108.3251 92.9850 96.0445 103.9401 79.8073 101.8507 101.6105 103.1895 103.9300 96.2516 98.6748 83.8253 114.9434 132.7744 111.1056 89.2727 99.7899 97.5998 88.5975 103.5174 108.4101 92.3040 108.8875 100.3947 111.7523 98.5720 97.3616 108.8412 92.2585 103.2210 105.2324 89.8377 105.5194 101.4657 88.0762 91.8223 120.2779 102.5394 108.8821 98.0815 107.4966 88.0871 94.3327 115.8997 97.1700 95.8718 97.1323 112.9484 105.6991
82.8069 107.5406 102.7160 105.5940 95.9265 107.6142 87.7925 102.4463 110.6952 98.4507 92.9371 101.7763 102.2030 99.2612 101.8744 112.5481 0.0000 83.8621 101.0749 112.3755 96.0206 105.6259 113.2255 89.6726 112.1235 110.9536 95.3807 96.8283 109.7849 96.8213 104.9010 103.7985 106.5224 102.9950 107.7763 86.3295 104.4880 100.8249 92.2345 92.8428 101.7625 111.3653 97.9460 93.9120 95.0981 83.5402 106.8991 105.2620 94.4769 98.0708 90.6616 106.9369 112.8997 89.4814 110.0550 97.7020 86.7481 115.4626 114.5964 86.3951 94.3076 88.8671 94.0403 108.6002 114.9998 94.9164 103.7979 94.7592 110.8100 105.1862 114.5267 101.6894 101.1949 85.1192 104.5974 101.1025 92.8609 92.0047 91.9769 106.8741 103.3888 98.4099 96.4436 95.9813 84.5683 102.2646 106.1509 105.4622 101.5511 110.8082 108.1867 90.4840 91.9695 111.6263 103.0317 97.4822 97.2119 109.1677 96.7648 91.0475
102.9082 91.9840 101.5624 99.8826 100.3770 115.8875 96.2859 109.8595 104.3912 122.9165 112.5758 91.4672 94.6681 107.8360 109.6454 99.0177 83.8621 0.0000 99.1586 94.3985 110.3772 91.5185 103.8548 98.7573 105.0240 106.3081 126.6849 106.6038 111.0731 89.4289 101.1414 99.6787 86.6096 94.0022 96.6872 94.8204 91.1828 124.4205 112.0734 105.5270 89.4573 97.3650 104.7134 110.2092 83.8573 122.2646 87.9557 104.3479 92.3891 102.0491 81.8726 106.1323 88.3269 102.5263 101.8035 95.1613 104.7537 102.7512 105.5898 97.3712 93.6790 89.2899 96.5654 121.6851 106.9642 107.8650 94.1524 103.8522 86.3477 102.5568 100.4746 95.7309 106.5671 102.1580 100.2735 100.6287 91.3556 111.6369 100.6372 112.9091 102.5469 103.3927 103.1481 104.3224 96.2466 93.9014 105.1067 79.4280 104.2568 95.7119 116.7629 102.6176 97.3645 88.2365 113.0341 93.4666 125.4895 90.2540 98.9290 112.7586
93.9932 93.4178 83.6490 75.7549 95.6060 117.3944 112.9826 108.4377 107.3571 99.7908 101.0600 97.0906 89.3889 112.5434 112.4625 105.5847 101.0749 99.1586 0.0000 93.8749 102.3707 90.2128 101.8609 101.7546 99.6291 100.4709 79.3850 86.9719 84.9067 98.3680 95.2957 87.8284 107.9078 109.1391 100.8922 100.2141 110.6023 94.3564 89.1271 104.1895 99.4216 106.7285 103.0936 100.5087 111.5341 109.3675 88.4128 90.6346 113.9822 104.4998 117.3760 99.3434 107.5230 105.1815 93.8637 101.0190 89.7397 83.1049 97.8570 99.1510 93.7102 98.1357 118.9364 96.7891 104.4478 95.6017 83.9700 98.1545 82.4277 113.2774 93.3618 79.8894 106.7412 99.6474 82.8823 83.7253 108.8427 91.1849 109.6011 94.5231 97.7046 102.1763 91.4100 113.2966 102.0204 111.3175 107.9489 98.5593 94.4820 95.3810 107.6033 87.7456 105.3667 84.8663 93.6947 86.7635 96.7239 85.5046 96.1186 106.9206
90.1671 97.1640 108.0708 95.1791 100.1332 107.4146 99.9379 100.7109 94.5504 100.6195 98.2374 114.4900 99.2859 99.7244 101.1873 104.4889 112.3755 94.3985 93.8749 0.0000 77.3038 97.5354 110.3967 90.4622 105.1792 122.0199 92.6302 96.2468 84.9910 107.0378 92.1783 97.8821 91.0974 99.2976 101.3032 95.4048 118.2169 76.6326 102.1846 96.9054 78.5580 100.7199 104.4110 110.7171 104.7065 86.3372 102.9153 104.1612 82.5626 105.4256 109.1829 104.6955 104.6092 101.5828 95.2318 86.7070 102.7355 98.6437 98.6417 92.5727 128.3408 115.2441 89.2008 99.2878 91.0980 103.3558 102.7199 87.5553 84.6657 102.3735 98.2946 110.4800 97.2272 86.8252 84.2314 102.4889 98.7172 113.4921 125.1624 102.5548 87.6524 115.1387 103.1975 121.6408 112.8866 106.5317 101.3593 95.0644 103.2212 111.7409 113.4823 115.0313 102.1486 100.7443 109.1495 90.7780 110.4047 87.7589 98.4346 110.1940
96.4481 93.3071 107.9114 97.3118 108.3062 103.0848 105.2667 96.0639 118.7036 107.8923 110.1519 108.9828 103.7163 110.6606 115.0132 93.2114 96.0206 110.3772 102.3707 77.3038 0.0000 110.4307 102.7857 112.8669 82.4094 111.6572 80.3790 105.0912 112.2392 108.6123 112.6334 102.4971 117.0234 108.7711 97.3929 92.2841 99.9563 93.2946 86.8947 92.3546 111.6790 98.0124 97.0774 111.3551 109.2534 99.7544 109.5560 88.3464 75.7917 90.6539 95.9459 94.3219 115.2420 98.3516 94.8519 110.1803 115.8371 88.7613 109.8123 94.9646 100.5098 102.2150 83.2127 95.5174 104.4913 99.6613 84.5988 84.0618 99.3715 111.8457 91.2307 110.8455 93.7177 107.9750 100.2554 106.0106 83.1140 90.6259 113.3730 113.2029 102.7355 99.4843 95.7098 118.2984 107.4322 77.0611 101.9847 116.6322 92.0149 94.7629 100.5526 107.5835 88.4764 99.6636 90.0784 93.9634 104.0199 106.7317 86.8710 83.4396
98.6092 82.4391 104.6543 99.9858 85.6129 106.5514 86.9756 93.2806 93.2079 100.9732 101.6613 102.6064 89.5688 95.3677 96.1098 104.4662 105.6259 91.5185 90.2128 97.5354 110.4307 0.0000 95.2543 111.7000 111.0132 95.3856 107.0775 102.7543 97.7391 122.7312 94.5757 125.5588 105.0741 101.2155 112.9895 94.0728 110.1991 74.4508 95.6333 102.9693 84.8191 104.0387 102.8321 113.4408 114.0332 109.6727 92.1489 100.4332 101.3406 91.7384 99.9947 98.1296 87.4252 72.5638 106.2938 89.2875 90.4947 121.6657 101.1241 106.7902 113.0603 90.2061 103.3142 112.4266 100.9349 99.9298 99.9435 98.1694 90.6517 83.1814 106.1236 98.0509 93.3646 93.1923 81.3499 100.2108 96.9462 102.0331 95.4594 79.6946 98.0983 97.8558 101.2393 108.2204 106.8470 80.3667 101.0457 114.8434 120.0851 98.4239 93.8400 97.2987 100.4886 123.0671 101.4833 101.8742 120.9366 99.9865 83.9058 103.2689
100.8914 112.5194 101.2137 92.3534 94.8907 113.4353 110.7509 82.3093 100.6471 114.6741 119.1514 97.7302 92.6720 99.1142 95.6470 90.8776 113.2255 103.8548 101.8609 110.3967 102.7857 95.2543 0.0000 106.0577 83.2842 109.3064 94.0760 97.8447 99.9242 108.6480 96.1427 102.6404 100.2635 92.3822 101.0338 105.1337 100.7823 94.0707 91.6282 91.3923 104.4067 114.8884 85.7077 76.0168 94.9530 110.5061 103.1873 95.2087 81.9643 104.3246 107.8559 105.8063 111.9531 106.4779 100.9365 84.8602 95.6466 103.4894 115.6439 92.2521 97.7971 113.6586 84.7458 89.7148 105.8132 86.9415 115.6810 98.7857 104.1378 112.5235 107.2878 88.7701 85.8451 114.1198 93.9831 94.4504 92.0562 90.2385 97.1469 105.9756 103.9760 100.3836 103.1263 92.2180 89.1560 90.9505 82.7066 106.4243 100.0417 108.6565 112.2964 102.1737 110.8575 113.9645 98.0133 93.9265 109.0501 99.1974 111.7228 97.5075
112.2938 103.3507 96.4329 95.2004 82.2746 101.7552 79.9507 101.1770 103.9848 98.5584 98.1183 109.5371 94.4797 97.8967 94.8507 98.7323 89.6726 98.7573 101.7546 90.4622 112.8669 111.7000 106.0577 0.0000 89.9811 112.7072 111.4264 86.5573 87.7892 98.4428 111.1110 84.8836 114.1668 115.6521 109.6888 98.1051 108.8986 117.2932 109.7784 92.8042 96.8593 113.1278 81.1740 107.2312 110.5170 91.2545 95.7964 90.8409 79.1426 97.4428 98.7448 96.0656 94.6174 92.4340 104.1310 100.3555 104.9737 107.9276 111.2245 96.2994 72.9082 92.5205 100.5560 112.6006 103.8855 96.9579 103.2641 103.7909 99.3669 96.8553 109.1292 115.0870 104.1411 99.2423 95.1771 111.2531 89.8135 100.1587 91.7993 95.3536 95.3941 106.9354 85.7380 109.0081 107.6892 99.1422 100.2328 79.3173 83.6575 118.6806 101.8859 112.3232 107.3121 94.1608 80.7367 77.3131 89.0275 94.3794 99.4123 98.6076
93.7631 101.5397 104.4963 94.0725 95.2109 120.4297 105.7062 104.1001 94.7395 104.8846 92.1589 94.6342 95.3457 101.1527 105.1277 91.7197 112.1235 105.0240 99.6291 105.1792 82.4094 111.0132 83.2842 89.9811 0.0000 99.1420 84.3346 94.0812 93.2543 102.4324 98.2127 91.5694 112.9792 114.3458 103.2725 103.8587 100.2833 108.0866 94.4923 88.3323 89.7165 93.1076 97.2288 115.3603 110.5063 95.8631 112.0325 89.0383 93.8733 110.2725 101.7852 95.7265 101.7267 95.2616 95.7202 98.9858 99.2643 88.3952 106.3202 101.9419 107.6094 109.8996 97.5626 100.4320 86.5935 105.6290 98.3235 111.6461 98.5774 93.2931 90.2689 92.2923 89.1727 87.7145 87.3562 95.3827 91.2078 93.0423 71.0927 111.9761 117.8802 89.0510 115.8743 104.8837 101.1786 85.0524 87.9355 101.1521 96.8783 107.1932 109.4891 111.7424 107.5318 96.7702 94.0271 91.9550 94.2430 83.3079 93.7143 108.1294
112.0567 114.1584 116.2726 101.2592 94.7505 105.7113 103.7668 104.1849 99.1385 111.9576 97.5391 97.6481 118.1103 96.0624 89.9274 116.7706 110.9536 106.3081 100.4709 122.0199 111.6572 95.3856 109.3064 112.7072 99.1420 0.0000 110.7525 108.6931 113.9845 97.4910 114.0824 93.0366 84.9586 94.6314 106.5482 114.2805 93.1385 107.7372 83.4773 100.2356 104.9408 114.7071 91.7724 88.0238 112.8721 99.4527 109.4223 89.4496 108.2661 113.2917 89.4399 94.6492 111.1401 114.8907 93.9947 115.6293 101.6561 101.6829 105.3026 103.7446 101.2622 115.3571 99.8558 92.3325 83.5708 95.6276 109.1683 105.7115 78.3707 87.0497 90.5781 86.7529 131.2390 103.6699 116.1262 115.5772 125.0612 121.7130 106.1447 107.7039 100.3997 95.0055 84.1844 89.6580 99.3098 117.6386 96.1266 94.3454 89.8695 99.7067 110.1680 92.5843 104.8418 94.3101 94.9635 96.5791 121.4836 114.1716 103.0449 107.0514
91.0089 96.6949 109.2053 83.6887 93.4137 123.1446 77.0335 107.4324 110.2223 105.8433 108.8279 106.7729 91.7819 113.5174 79.7835 104.6358 95.3807 126.6849 79.3850 92.6302 80.3790 107.0775 94.0760 111.4264 84.3346 110.7525 0.0000 124.2671 90.4187 97.7228 105.7224 92.4742 95.3733 95.4107 113.7719 85.7239 99.2167 84.2989 113.1721 103.5272 103.3421 100.5284 121.0432 107.3141 113.1166 113.8269 89.6093 103.9612 89.0349 89.5080 103.5208 113.6820 92.5142 126.1613 128.6749 102.8873 99.3779 98.2402 96.6040 96.0649 100.5421 99.8603 100.0682 81.8754 80.6362 89.3794 95.9795 101.5464 76.1903 104.6994 107.9922 96.6920 108.3977 88.9448 100.4491 108.1757 101.8944 87.4785 99.0837 111.5217 103.0142 114.8782 88.4139 105.2679 108.8812 94.7640 96.1286 94.5585 105.5627 87.4899 101.8397 98.6504 95.0416 102.7183 75.7044 97.9194 103.9638 102.0157 88.2153 101.1732
92.9412 106.0712 104.2396 87.8632 101.1676 120.9566 97.3368 112.4307 89.6864 96.3371 100.2639 81.0356 81.2743 97.1349 88.3858 96.6927 96.8283 106.6038 86.9719 96.2468 105.0912 102.7543 97.8447 86.5573 94.0812 108.6931 124.2671 0.0000 110.7691 89.6099 112.6010 111.5011 93.8053 92.8171 104.9292 100.9029 105.9126 109.9828 110.6186 108.0259 106.0055 113.8752 90.6572 92.0911 120.4990 101.2746 111.2585 104.2888 117.4626 103.6711 115.8154 77.4466 104.6538 102.7962 105.9572 102.1576 99.0056 113.2641 117.1805 92.4516 101.6018 105.3765 107.5211 109.8387 101.2254 96.0048 84.3882 93.6132 89.1098 108.0428 74.1139 99.2783 85.6254 99.3277 91.5022 115.2455 90.1909 104.8128 102.4019 116.4164 102.5657 92.9390 90.4705 98.8893 80.9854 80.4273 100.4180 93.4310 78.1847 107.0062 93.2306 94.2678 85.5392 106.5287 102.0249 108.7415 109.8078 108.4396 100.8153 106.0060
112.5562 105.3184 97.2547 117.9898 107.2574 102.7404 94.2363 106.1102 92.2700 117.1108 101.9230 87.9228 95.6324 101.3838 97.2182 96.1672 109.7849 111.0731 84.9067 84.9910 112.2392 97.7391 99.9242 87.7892 93.2543 113.9845 90.4187 110.7691 0.0000 92.1812 106.7273 100.5655 99.3068 95.6567 113.3835 106.7262 101.9899 99.5770 109.3016 120.6556 78.4877 99.8636 126.8640 83.4454 100.4612 111.7811 112.6547 98.5849 92.4959 110.6661 98.0409 89.5361 121.9937 108.1427 113.6515 75.7250 112.8667 117.6985 95.0679 102.8479 102.0111 91.1579 96.4543 96.8133 95.5915 99.1026 116.5353 93.6112 97.0076 119.6717 95.6478 111.4972 93.1450 96.9247 86.3820 102.1921 103.6717 101.3640 89.8673 92.5397 93.9980 88.5861 108.1167 117.1497 96.6987 85.3448 92.2232 102.8247 91.5854 115.7137 111.3352 109.2080 89.0841 96.9575 88.6586 99.3000 101.5823 99.3444 97.9036 107.9296
110.7071 91.2719 93.1491 97.8108 100.6074 97.5633 97.3079 80.2186 94.9966 102.3882 100.3479 110.7659 112.4095 109.9241 104.1176 100.1648 96.8213 89.4289 98.3680 107.0378 108.6123 122.7312 108.6480 98.4428 102.4324 97.4910 97.7228 89.6099 92.1812 0.0000 107.3657 98.6106 85.1247 102.9634 106.7828 99.3211 87.7565 109.4326 89.8313 84.9244 103.2452 109.9835 117.5514 103.3119 113.5491 111.6134 94.2821 89.2724 82.1771 109.0249 89.4136 106.3533 97.1967 97.2717 89.6018 106.4652 95.6864 98.6207 90.6724 82.6567 105.8206 103.3825 101.6178 102.9483 99.0658 105.3382 89.7921 73.4394 89.0411 104.0943 92.3420 98.8139 107.1849 106.5966 113.1944 88.6892 95.7619 108.6446 104.0835 91.2362 101.5766 106.6183 104.2240 92.4968 105.0824 101.5839 90.1397 105.7145 120.4057 93.0321 97.5958 105.6655 89.9568 114.5407 98.6803 109.5348 100.2379 90.7457 86.0450 91.5398
100.7161 108.4092 111.4923 107.2034 97.9421 102.2242 98.0116 86.1222 118.2514 92.9865 111.0768 111.7172 98.2762 103.5553 114.9775 74.8831 104.9010 101.1414 95.2957 92.1783 112.6334 94.5757 96.1427 111.1110 98.2127 114.0824 105.7224 112.6010 106.7273 107.3657 0.0000 119.9409 108.1642 111.8335 105.9844 108.1184 91.9483 93.8472 114.1997 90.2367 106.1461 85.7931 95.0825 93.6212 100.7746 95.3380 122.6986 117.9291 92.5892 68.8972 107.0116 105.1818 107.1950 90.8746 104.9308 108.1498 105.5297 96.6502 102.4219 111.6911 94.8984 83.5311 88.2389 101.1430 101.6179 85.8471 95.7363 87.0810 116.1141 101.5013 105.3455 107.7309 84.5243 98.5881 90.5297 98.9850 95.0043 93.8368 81.0282 96.9155 99.9827 91.8735 98.1471 110.1628 109.8022 102.3635 108.0705 100.5306 103.9162 101.3935 76.3464 103.0983 92.2761 101.5622 91.5524 87.5403 76.8649 89.8365 127.0160 99.8411
100.3261 79.8772 108.0262 98.6751 107.6936 111.8685 95.5691 95.8319 94.4244 87.9550 109.7089 89.9794 95.6318 108.7688 105.6427 116.2697 103.7985 99.6787 87.8284 97.8821 102.4971 125.5588 102.6404 84.8836 91.5694 93.0366 92.4742 111.5011 100.5655 98.6106 119.9409 0.0000 84.6252 115.5854 97.2782 93.8114 92.9584 100.8784 111.7608 105.2404 84.6243 102.1619 70.2956 92.9674 115.7753 93.4941 115.9473 83.1687 110.8983 115.0189 94.1748 114.5358 82.8620 92.3667 104.6510 100.1761 90.2741 95.2734 88.9702 98.2817 70.8127 98.2555 91.9450 96.9490 101.3772 115.9899 85.8614 115.9837 107.0867 93.3382 93.7789 105.0217 89.9317 90.0423 110.6558 74.1323 106.4456 118.5086 112.2217 112.1373 99.4954 72.1817 106.2995 93.9752 84.7059 102.1304 97.4781 91.0305 98.0614 88.7612 100.5395 101.1900 95.7905 103.2981 76.8496 112.0241 102.6321 91.1346 106.3672 96.5569
89.8071 88.4656 104.6818 124.0267 109.2865 87.3390 82.3395 102.9975 106.7348 114.4348 101.4989 99.1704 91.2737 124.3381 85.7269 120.0117 106.5224 86.6096 107.9078 91.0974 117.0234 105.0741 100.2635 114.1668 112.9792 84.9586 95.3733 93.8053 99.3068 85.1247 108.1642 84.6252 0.0000 102.5764 101.0779 84.5251 108.0985 94.8510 106.7716 106.2060 95.6822 93.9264 114.4062 103.6339 111.8731 108.0430 115.4910 96.4860 96.8394 113.5914 105.3663 94.8855 114.9538 85.5538 83.8909 112.5813 89.2570 93.2384 82.4306 78.0240 96.7886 107.0858 116.6776 96.5834 97.9880 95.8640 103.3584 94.1179 100.3109 97.1776 98.3151 102.6762 89.9832 97.4450 105.1021 84.7651 100.3181 99.3455 108.4220 90.7574 100.4731 106.5029 92.9456 110.5670 106.0592 107.3215 88.2444 115.8378 102.5239 119.8078 91.5123 95.1659 111.3904 106.3550 94.7895 74.4872 105.0018 107.7996 101.3883 111.6982
108.1976 111.7517 95.8686 78.4550 111.2939 108.6773 99.3559 80.1915 101.0943 113.9398 92.0080 96.8032 108.0242 106.6296 96.8934 95.3959 102.9950 94.0022 109.1391 99.2976 108.7711 101.2155 92.3822 115.6521 114.3458 94.6314 95.4107 92.8171 95.6567 102.9634 111.8335 115.5854 102.5764 0.0000 119.9082 99.6797 100.9504 112.6605 92.2981 87.6564 91.8619 100.3831 100.6401 106.2310 95.3854 105.4923 101.8773 101.8554 105.5573 103.7938 97.8917 96.9951 112.0514 93.5221 91.7443 98.3997 95.2673 101.4975 88.6308 91.2121 89.6359 91.5934 118.6975 91.3415 104.5989 90.6346 99.3136 113.9727 97.4619 103.1871 99.6370 100.1441 107.0383 121.0301 128.8336 113.6428 92.3968 115.4238 81.6402 98.2079 84.5934 100.6337 86.5012 88.2196 99.6834 87.7873 105.6481 97.7118 96.6197 101.6197 94.4159 93.0192 107.5461 103.2234 91.9945 104.7894 93.9942 93.0023 110.5522 109.2223
97.1843 95.1773 130.8432 111.3084 98.9347 105.8005 87.8443 108.6461 94.8274 103.4200 98.0451 85.5045 109.2452 73.4816 96.9033 118.8396 107.7763 96.6872 100.8922 101.3032 97.3929 112.9895 101.0338 109.6888 103.2725 106.5482 113.7719 104.9292 113.3835 106.7828 105.9844 97.2782 101.0779 119.9082 0.0000 99.8530 89.3315 112.1076 107.8937 101.6062 93.5362 90.0510 99.8241 90.5345 87.4227 110.5858 93.5984 112.8479 107.8403 88.4496 100.2795 101.6020 107.8065 91.5903 96.3041 106.2882 96.7412 87.3719 96.4010 112.0691 107.5267 102.1715 109.0291 97.2591 102.5089 90.7985 81.2922 92.0815 107.9220 109.8603 103.8348 104.9893 96.7036 86.7068 92.5867 102.0655 98.5454 102.7268 104.3380 94.6824 107.6689 95.1262 115.7616 108.8917 95.1338 92.0130 106.5076 99.5877 107.1414 95.9371 103.6621 94.5537 99.7414 81.6735 107.0135 88.1370 107.9097 100.4524 108.0945 84.0457
106.3041 108.1848 105.1434 107.7798 99.8105 109.3349 114.0447 82.4182 94.1854 94.4659 99.5308 101.8785 108.1304 107.1489 96.2364 100.7068 86.3295 94.8204 100.2141 95.4048 92.2841 94.0728 105.1337 98.1051 103.8587 114.2805 85.7239 100.9029 106.7262 99.3211 108.1184 93.8114 84.5251 99.6797 99.8530 0.0000 106.6398 90.9974 104.0292 99.2825 93.9801 109.3218 102.2044 92.7445 122.6729 97.8055 111.6591 96.4267 92.4656 102.9832 108.2443 91.9744 96.7432 99.9536 98.7053 98.1245 82.7929 97.4674 112.3387 97.9087 117.5403 93.3922 106.0077 95.0585 116.8895 91.1914 102.6542 91.0927 114.3585 99.0581 92.4397 102.8284 105.2928 95.1177 108.7241 116.4738 94.1668 106.3245 107.7865 96.0929 87.7231 103.7328 90.8336 112.6516 110.8396 111.2941 109.5471 87.3533 92.8449 114.3351 95.3079 89.1059 95.4545 96.5807 97.9492 87.4216 92.7957 113.5596 105.4828 117.3045
94.9673 99.3554 96.9536 99.5685 70.9851 108.2582 109.7346 92.5451 101.2090 96.5609 90.7491 91.3081 104.5563 102.6280 104.1442 112.3865 104.4880 91.1828 110.6023 118.2169 99.9563 110.1991 100.7823 108.8986 100.2833 93.1385 99.2167 105.9126 101.9899 87.7565 91.9483 92.9584 108.0985 100.9504 89.3315 106.6398 0.0000 88.1989 105.1590 87.4245 109.4608 89.6687 116.7302 101.6292 120.2295 106.0111 103.3185 86.0074 109.4701 94.2410 88.3601 99.6494 109.7189 98.4982 115.2116 82.7650 93.9736 97.7788 109.5743 110.4401 96.8903 96.7330 97.0236 87.7306 115.1395 94.9400 92.8898 113.8935 103.4138 102.6700 118.0999 85.7280 99.4609 91.9246 102.7308 88.0160 87.8585 92.6476 109.3536 119.0104 93.3469 95.3911 97.4054 94.8704 90.3366 85.8216 106.2809 98.4836 111.2346 100.6798 93.7172 111.5922 89.8109 112.0201 103.7200 87.3817 100.4566 115.2436 101.5274 100.8319
100.5320 97.1818 109.8709 78.7712 101.5862 91.2047 105.2742 92.5325 120.3200 95.4244 101.6832 107.4749 87.6223 94.1849 107.0026 86.8400 100.8249 124.4205 94.3564 76.6326 93.2946 74.4508 94.0707 117.2932 108.0866 107.7372 84.2989 109.9828 99.5770 109.4326 93.8472 100.8784 94.8510 112.6605 112.1076 90.9974 88.1989 0.0000 96.3987 106.7991 99.5788 111.8600 108.0218 88.5747 93.0870 87.8381 98.3164 101.6117 83.1272 110.2926 96.9651 84.1100 119.6615 93.2849 88.7552 97.7129 98.4915 103.1983 104.9497 94.1979 103.6615 87.8578 108.5521 90.5846 107.6031 106.9241 106.2135 83.6344 89.4335 102.8410 88.8971 101.9759 89.0124 93.8362 101.7498 93.0305 108.1872 106.8585 109.9257 96.3501 90.3550 115.5202 94.9101 123.3423 120.4047 95.4058 92.8591 97.7989 92.1672 108.3167 90.3876 120.3026 96.3602 103.4582 99.5295 125.0126 93.6939 103.3987 116.2880 109.2662
81.8893 104.6746 90.1605 94.6083 112.2737 91.8666 93.7764 90.2864 102.1834 93.0758 99.8940 92.8113 92.2039 110.9325 108.1838 98.9536 92.2345 112.0734 89.1271 102.1846 86.8947 95.6333 91.6282 109.7784 94.4923 83.4773 113.1721 110.6186 109.3016 89.8313 114.1997 111.7608 106.7716 92.2981 107.8937 104.0292 105.1590 96.3987 0.0000 98.0892 96.4523 98.5500 93.3466 99.3468 124.1306 104.1738 113.6963 98.1623 103.9819 90.3910 100.1622 114.2917 99.9933 105.9607 89.3623 105.8264 106.6131 122.2580 114.9851 112.3045 94.3231 97.2867 91.2447 120.2841 102.2202 117.0432 103.0573 103.3521 105.6523 109.2983 96.5661 95.9044 97.1363 89.9618 87.7822 108.3898 106.5660 89.1584 100.4466 93.7755 110.0200 88.0042 100.8175 101.7453 82.0813 105.1815 89.5235 95.8757 98.0618 102.1891 85.5292 104.5817 105.4320 96.4114 114.3056 83.8271 99.9966 115.4623 83.9546 118.0508
94.7901 84.7304 101.5887 96.8569 96.1372 102.0669 107.3332 111.7348 93.8418 100.1037 104.1292 104.1247 101.9809 115.2903 85.7013 110.6979 92.8428 105.5270 104.1895 96.9054 92.3546 102.9693 91.3923 92.8042 88.3323 100.2356 103.5272 108.0259 120.6556 84.9244 90.2367 105.2404 106.2060 87.6564 101.6062 99.2825 87.4245 106.7991 98.0892 0.0000 116.0481 107.2890 115.1999 98.9657 101.2537 99.3332 96.1686 98.2855 115.3908 77.6952 93.8573 103.3044 90.5134 76.7226 101.3251 102.7874 101.1636 120.7033 95.2090 101.7021 122.2155 96.4673 107.1298 109.8320 87.3645 100.6887 102.9915 91.5935 107.6843 97.4438 98.9900 96.9560 98.6477 100.6379 127.0458 98.3804 95.0032 100.5614 121.4408 100.2744 101.1491 106.7659 106.3122 103.7614 96.6561 108.9929 104.2353 115.5806 116.2448 95.0490 83.7598 96.2787 107.6920 113.0995 101.9944 113.2102 93.8659 96.1725 103.2981 104.5600
90.2710 107.5910 89.9076 103.6334 100.4142 99.7203 98.6806 82.2617 99.4047 97.3156 110.2319 113.1333 97.0329 95.4947 97.5285 97.5780 101.7625 89.4573 99.4216 78.5580 111.6790 84.8191 104.4067 96.8593 89.7165 104.9408 103.3421 106.0055 78.4877 103.2452 106.1461 84.6243 95.6822 91.8619 93.5362 93.9801 109.4608 99.5788 96.4523 116.0481 0.0000 100.8287 114.0593 107.8848 104.7060 92.9122 89.2234 98.1410 113.4866 103.2099 96.5953 98.1697 84.2318 109.9807 113.7602 85.2867 98.8904 106.4337 107.7160 112.1050 106.4376 99.7082 104.6881 90.7629 116.6991 81.8485 100.7735 102.4961 120.8576 94.8671 95.4465 106.1918 97.0966 100.1504 106.7187 96.1077 107.4114 110.1404 98.3411 96.4046 92.6311 105.7979 98.1718 105.7004 116.5965 106.6175 94.6281 87.3025 102.7294 97.9962 97.7482 87.4487 102.7432 83.5887 108.9686 88.0897 98.9759 113.8837 97.4487 99.9780
93.7201 101.3573 86.4330 100.4119 96.2907 102.2401 99.3184 109.7875 85.6258 78.0629 97.0603 102.7171 88.8780 103.0380 103.2222 99.7187 111.3653 97.3650 106.7285 100.7199 98.0124 104.0387 114.8884 113.1278 93.1076 114.7071 100.5284 113.8752 99.8636 109.9835 85.7931 102.1619 93.9264 100.3831 90.0510 109.3218 89.6687 111.8600 98.5500 107.2890 100.8287 0.0000 99.7031 107.3687 89.4379 85.2295 87.7341 104.8176 96.9859 108.4893 108.4008 104.7752 94.3047 106.8285 104.2734 110.1025 113.4395 94.9244 90.8679 84.4671 102.2557 114.6732 97.1296 109.9991 90.3859 114.9548 83.0411 102.0380 86.7418 101.3907 106.1715 110.5243 116.1771 93.4465 117.4404 113.0712 97.4787 109.0951 101.9314 102.7745 96.9038 100.7218 105.6860 110.4460 99.1274 103.4103 99.0480 93.9906 91.2713 86.1539 99.5698 113.2701 99.0362 113.9056 84.6554 97.6216 107.7718 84.6316 96.8505 95.6037
99.8847 97.2197 84.0443 101.4344 97.3562 96.0869 106.3613 97.5186 106.4432 102.6046 82.9723 124.5151 105.9697 91.6647 85.0243 87.2253 97.9460 104.7134 103.0936 104.4110 97.0774 102.8321 85.7077 81.1740 97.2288 91.7724 121.0432 90.6572 126.8640 117.5514 95.0825 70.2956 114.4062 100.6401 99.8241 102.2044 116.7302 108.0218 93.3466 115.1999 114.0593 99.7031 0.0000 94.7528 82.3918 86.3422 101.2738 100.2766 100.7250 110.5722 85.2088 98.2930 90.3536 97.1748 117.1118 91.7470 106.1920 90.3591 91.8894 108.0367 114.0247 105.5619 89.8056 74.0706 86.6324 88.2381 76.5811 120.8340 94.6120 106.8139 93.5288 113.0090 116.6349 109.5822 92.4194 91.6769 106.7843 91.2145 112.5337 106.3869 108.5262 94.5101 122.8837 112.5502 83.5744 104.5241 97.9713 90.9240 107.2812 106.8029 99.8331 88.2019 93.2506 108.0887 91.2745 110.3653 107.7464 105.6781 117.7685 102.8235
107.1985 93.6211 123.2789 77.1137 117.5204 96.4999 85.9331 110.9195 118.8973 94.7915 121.0912 94.7950 103.6851 90.5859 88.5667 99.0395 93.9120 110.2092 100.5087 110.7171 111.3551 113.4408 76.0168 107.2312 115.3603 88.0238 107.3141 92.0911 83.4454 103.3119 93.6212 92.9674 103.6339 106.2310 90.5345 92.7445 101.6292 88.5747 99.3468 98.9657 107.8848 107.3687 94.7528 0.0000 85.9211 114.0468 98.8604 111.3090 87.6814 95.0687 98.9336 112.3185 90.6416 108.2506 93.8283 96.6344 87.3196 92.8198 115.8570 98.8165 104.8205 99.5818 100.6985 105.0289 102.5573 96.1596 102.7619 111.2007 90.2164 90.5918 114.1150 101.3635 116.0585 104.2523 106.9382 107.4928 91.8191 102.6179 103.8888 113.3107 98.0958 99.2510 107.3973 92.5494 90.4630 106.7223 104.6966 85.5462 95.0956 110.8647 119.5361 87.5393 107.3002 95.0968 105.3875 107.3147 92.3281 104.3214 78.7002 101.2118
114.4456 88.2391 114.4863 89.5356 117.1382 96.8688 99.2547 97.6077 107.3142 83.6456 94.7656 119.8816 110.0255 98.9412 95.5508 102.8746 95.0981 83.8573 111.5341 104.7065 109.2534 114.0332 94.9530 110.5170 110.5063 112.8721 113.1166 120.4990 100.4612 113.5491 100.7746 115.7753 111.8731 95.3854 87.4227 122.6729 120.2295 93.0870 124.1306 101.2537 104.7060 89.4379 82.3918 85.9211 0.0000 107.1204 90.9838 99.8239 99.4899 89.5499 106.8182 116.4272 97.5175 105.3890 104.9843 115.8290 99.1345 101.2545 95.2919 106.4289 98.0762 92.4428 93.1078 92.7017 87.8025 93.0260 106.2942 83.1158 104.3374 97.5297 88.3774 96.7486 105.4614 104.8536 110.2919 136.6975 100.5948 109.2941 117.6565 102.6091 86.5772 93.5193 92.0419 101.3270 102.4409 99.9283 91.6994 107.3324 93.6922 99.3081 115.8032 88.0437 105.2167 109.5484 95.8556 111.2376 111.6232 101.8261 111.7788 92.5272
103.7586 95.6149 105.1957 97.5512 103.1509 92.6537 74.7003 93.9956 75.2989 107.7415 107.7635 85.0818 114.8813 106.7589 103.6711 90.8036 83.5402 122.2646 109.3675 86.3372 99.7544 109.6727 110.5061 91.2545 95.8631 99.4527 113.8269 101.2746 111.7811 111.6134 95.3380 93.4941 108.0430 105.4923 110.5858 97.8055 106.0111 87.8381 104.1738 99.3332 92.9122 85.2295 86.3422 114.0468 107.1204 0.0000 101.1776 83.9496 98.3155 102.0760 85.9984 94.7604 104.3384 91.2961 104.4906 83.6324 110.7414 85.5213 98.3000 94.6359 96.4928 103.6258 112.6400 95.5877 104.3368 104.4286 103.0124 90.8331 106.2635 98.9184 98.0354 100.9838 100.0810 120.1104 91.3202 100.0238 91.3952 93.6055 103.3387 103.0233 84.1504 99.3405 114.4109 89.0638 107.6614 88.0440 94.8611 88.0758 84.7846 86.4020 117.6012 109.0994 107.6212 108.0805 112.7191 99.4835 91.3717 104.3026 107.1873 99.6159
82.5745 101.1821 101.4133 104.8076 122.6940 104.7582 105.2701 100.4643 103.5110 101.1964 87.8832 119.2437 102.6965 102.5035 90.3498 114.9337 106.8991 87.9557 88.4128 102.9153 109.5560 92.1489 103.1873 95.7964 112.0325 109.4223 89.6093 111.2585 112.6547 94.2821 122.6986 115.9473 115.4910 101.8773 93.5984 111.6591 103.3185 98.3164 113.6963 96.1686 89.2234 87.7341 101.2738 98.8604 90.9838 101.1776 0.0000 108.8614 119.7993 104.9979 89.4136 123.8777 100.0435 104.0913 100.3259 101.9480 114.1192 106.9112 95.5857 102.5196 105.6073 107.4010 108.8517 102.6831 109.1913 102.7984 92.0173 123.8989 110.7063 89.7868 107.2708 104.2661 88.6660 103.6097 101.6982 88.5866 103.3937 72.1828 102.8285 108.1667 109.8070 112.9694 118.4869 120.3529 111.3761 90.3648 100.7617 93.2574 104.8420 87.2315 84.2404 108.8026 91.5417 90.1251 107.4940 98.7966 108.2184 100.9480 108.3579 106.4344
