100
0.0000 23.7543 5.2470 3.2787 16.8457 20.3090 5.6304 7.2623 14.5579 34.0562 4.5185 49.9681 23.1837 13.5441 38.5838 36.4849 39.2002 38.4624 28.8597 26.2557 38.4308 22.9711 9.6365 15.7641 30.4364 34.8006 42.8206 2.9499 34.7742 44.5781 21.1700 2.1468 45.7424 41.3521 39.4753 17.8140 21.3429 14.1085 24.7736 20.4809 32.3500 38.2436 2.7210 25.4774 22.0014 20.6467 8.0631 1.8696 6.7683 6.2018 1.7905 2.9836 22.8503 9.2362 14.5506 35.1006 41.4172 2.3035 7.2350 40.5064 31.0761 11.9589 32.7135 12.4541 38.0554 50.2998 27.7627 11.5625 30.8290 12.2248 6.2992 7.5509 34.3728 3.0027 39.8007 20.7616 35.8214 36.5691 16.7894 27.4385 7.6451 14.2307 23.0493 20.2235 26.4548 7.7964 40.1218 8.4461 24.7749 25.2847 0.1519 38.0899 6.4766 16.7714 24.4633 24.6530 9.4267 13.5233 12.2717 18.4466
23.7543 0.0000 29.6700 6.7535 36.6022 31.3879 5.1844 18.6861 19.7518 85.5170 46.3780 11.9841 21.0033 15.3159 6.4136 39.0384 28.8460 25.2593 29.7008 17.7039 1.3506 19.8156 26.4947 5.3752 17.0806 22.8172 42.1032 7.7355 3.6571 0.0750 21.9309 41.8142 30.5411 36.2657 11.0113 22.1594 19.5947 24.8429 25.7271 12.2237 19.7938 1.3287 25.7279 4.2380 3.7082 45.5454 20.7582 7.0992 35.8105 25.0619 10.9509 13.4754 19.7857 22.8500 30.7747 47.6802 14.2648 2.8786 15.4111 46.6907 24.6885 25.7034 18.3112 38.6711 30.2014 6.0804 16.5434 27.3389 3.6741 36.2105 32.9171 5.8262 17.3986 31.0780 7.4509 19.8722 34.7507 8.9580 6.8867 1.7018 11.2674 22.4704 0.0851 12.8802 5.6789 32.3850 41.9768 3.8572 24.3359 62.7096 21.2972 10.3437 29.3363 22.8669 7.7095 9.0114 5.0347 30.0331 19.2161 9.2570
5.2470 29.6700 0.0000 17.5906 27.6146 18.5173 38.2614 10.6751 6.7355 42.0286 30.7034 19.3003 18.8141 19.6681 11.9100 2.0917 13.5044 16.1987 18.6489 30.1996 13.3690 26.2235 3.6949 24.6759 19.8679 43.3717 31.2579 12.0565 22.0745 2.4873 17.0210 13.9751 14.7577 32.2717 35.7445 21.4357 35.9553 27.5066 18.8650 25.6665 5.6093 13.0170 14.9747 15.2929 30.2343 10.1479 3.2340 18.8107 18.0521 22.0028 33.4136 0.6911 14.5269 1.7405 18.6311 20.4779 15.7558 35.3894 11.5824 18.4018 19.4123 21.0664 30.1944 21.5472 32.1675 17.3885 12.9991 3.5538 35.3260 2.3128 29.2073 1.4247 12.6902 28.4767 30.4665 20.6315 16.8047 28.1892 15.4972 48.1107 10.1651 14.9730 37.1576 15.4522 42.5683 35.1345 0.1895 19.3259 17.3461 47.6336 30.9762 12.3808 48.1531 6.5065 36.5142 10.7440 4.5874 22.2984 18.9790 4.8540
3.2787 6.7535 17.5906 0.0000 5.6505 37.4776 1.7496 56.1811 34.6328 20.3703 22.7355 0.1447 12.2420 11.6379 0.6338 30.2472 31.5378 1.6289 13.8676 60.6429 14.9730 41.8052 3.4878 9.1063 19.9129 9.3167 5.9201 31.5775 42.2335 6.3834 16.9225 12.6539 24.2001 3.7346 13.6558 22.1485 59.9230 21.8531 13.6002 34.4426 31.3296 32.1463 42.9875 25.2563 3.0702 8.3580 51.4054 1.2694 51.0837 13.2045 2.6171 5.9057 34.2316 21.8301 14.9931 25.3680 27.4769 23.2891 23.1182 10.4301 13.5474 11.7865 38.4405 23.3676 23.4622 27.4270 5.8504 35.0896 17.1792 21.2868 35.6417 15.4532 25.1125 3.4723 10.2778 27.5433 1.1020 23.6228 63.4070 39.7338 11.9147 5.1499 33.2390 20.5459 43.0554 15.3030 6.7157 10.0314 30.8821 27.1503 18.9873 5.3677 7.6531 19.2812 25.5202 52.4771 8.2054 14.7899 34.8175 4.6628
16.8457 36.6022 27.6146 5.6505 0.0000 1.2267 2.0442 12.1507 10.9669 1.8220 34.5125 8.0219 9.5706 12.6251 25.4729 17.4904 23.3311 2.1648 30.3557 16.1355 0.6321 20.6187 24.0034 4.2053 21.1731 4.0798 18.7874 11.2320 10.4453 7.9345 16.3643 8.1331 28.9386 32.7219 1.0373 19.6361 35.9529 9.7487 30.9973 1.4509 36.0745 13.9494 15.5383 2.1525 7.0328 59.0505 18.0239 4.1946 5.8241 30.1357 14.8182 22.8596 33.7613 2.6471 29.4701 38.6177 27.0512 15.4906 31.1011 33.7615 57.4068 31.1316 32.7449 35.0875 17.9580 7.9702 14.8559 21.3593 18.3370 16.2848 13.0449 9.4630 25.2469 19.0885 14.1698 37.4822 19.3905 17.9187 33.4283 15.0301 14.9149 11.9120 28.3251 10.8137 9.9021 13.5815 34.7009 14.3947 3.9407 44.2620 22.0332 41.1343 39.0468 26.5641 6.5210 1.5015 38.8696 37.6192 26.2351 22.4049
20.3090 31.3879 18.5173 37.4776 1.2267 0.0000 20.8937 36.4127 4.0244 31.3668 12.5689 15.9294 24.4829 2.7006 28.7298 8.4497 49.4091 27.8164 0.6624 27.7520 14.0207 26.1936 10.8874 40.3263 9.9402 52.4168 28.4742 27.5498 1.5248 1.6794 1.6259 13.0867 3.2934 10.4391 18.9648 17.1100 6.5814 31.5578 23.5201 5.4566 19.6984 24.5922 39.7242 2.7072 2.6062 15.6314 34.4548 10.9189 17.9990 31.7683 39.8120 36.4337 0.8189 37.8820 32.7103 34.9953 16.2111 21.4173 9.0805 53.6037 33.9262 20.0559 12.0568 47.4783 12.1529 25.1787 22.4187 4.6362 19.5503 26.5171 9.5236 0.6249 12.7719 23.4948 0.3990 42.8297 9.1459 17.1591 17.0967 35.6603 16.8828 8.3620 16.5192 17.3080 16.2894 19.6170 16.3398 8.2408 29.3848 4.1329 6.2609 4.7102 11.0273 23.3263 43.7967 9.3790 23.3591 24.0683 11.3702 37.1382
5.6304 5.1844 38.2614 1.7496 2.0442 20.8937 0.0000 1.7489 11.9264 37.8756 40.2886 37.2512 10.7836 14.5856 9.7843 18.6135 8.6543 40.0798 4.6886 18.3374 4.0743 9.2325 48.2291 4.1023 2.5330 2.7686 21.4165 43.9949 12.9101 55.2724 13.0229 33.8916 72.3202 18.2399 11.2794 6.0037 13.3703 4.4259 14.8304 33.7998 28.4255 46.8885 24.3856 9.5950 4.9446 0.1345 66.3522 17.9769 9.4348 1.5857 19.6040 39.0425 22.8053 13.4565 19.6308 28.9967 9.4203 9.8659 18.4573 37.3604 43.0210 9.6301 10.2409 15.0434 13.4602 61.6485 39.0206 7.3968 14.5338 5.7752 26.9196 7.8896 3.5781 9.5565 36.9888 27.0698 1.0096 50.6194 8.4026 22.9725 20.4578 3.3026 29.5431 16.8151 3.7865 14.3983 31.0062 22.0600 19.0705 44.7179 21.7214 34.6041 15.4575 2.1827 22.3354 2.4302 12.8961 4.1072 7.2083 8.1579
7.2623 18.6861 10.6751 56.1811 12.1507 36.4127 1.7489 0.0000 5.9433 4.5483 4.9674 36.5490 25.5105 13.6724 15.4265 40.0920 13.3175 30.0741 21.6734 7.7250 3.8741 80.8410 36.2404 61.9295 8.7495 12.5712 22.4759 34.7903 28.4943 35.7751 13.3429 7.6804 32.1888 38.4538 9.6833 12.1212 1.0336 0.3432 14.9768 6.4498 12.1028 39.3258 6.4737 41.3456 41.8626 30.7965 13.9382 45.7364 20.8305 26.0741 3.7494 2.8231 4.7757 6.7046 2.4806 9.5995 15.6493 21.4416 6.5596 21.4780 26.4509 19.1956 8.5037 7.6515 34.7749 31.9496 3.6925 0.4378 5.1389 21.7332 1.1186 5.6774 8.4923 2.9929 33.7463 36.2326 37.0613 1.7693 4.1101 8.4129 17.8907 29.8547 26.3681 6.3075 0.8745 18.8541 32.1569 8.0473 53.3757 4.0496 4.2274 24.7195 4.3667 29.6049 17.8406 20.4833 26.4036 16.1333 18.1679 19.3061
14.5579 19.7518 6.7355 34.6328 10.9669 4.0244 11.9264 5.9433 0.0000 6.5231 24.2322 2.3417 16.6125 11.7391 26.5632 2.2075 6.0489 6.3866 8.6572 12.2729 24.0344 32.4692 14.4216 22.1453 6.9140 10.2548 31.3783 8.3349 13.0641 34.2546 24.4329 40.2053 8.8515 48.0910 21.6116 7.0366 5.9417 8.3220 13.2554 15.1213 16.9596 9.4709 18.0749 23.1337 42.7777 10.8862 8.8440 10.1997 31.0754 40.2892 9.8447 14.5804 34.0499 8.8586 27.2366 26.5916 4.1078 23.7797 51.0449 18.0687 22.0668 38.1220 11.4173 3.5283 17.7884 32.3199 19.5933 30.0232 22.6430 27.3208 3.3231 32.4508 4.9974 27.4664 29.8906 26.5221 23.1788 7.4480 22.3438 1.1460 40.5428 54.1010 0.4124 10.6031 17.0146 2.0620 1.1862 17.5098 25.7072 18.9054 13.0748 12.9895 10.0746 69.2128 28.0926 10.1546 35.5680 37.1391 12.1581 9.1329
34.0562 85.5170 42.0286 20.3703 1.8220 31.3668 37.8756 4.5483 6.5231 0.0000 31.3019 19.0149 4.5720 28.0550 22.0156 1.2154 25.3084 4.0676 38.2525 13.7089 28.1362 10.2327 50.5456 15.8556 31.9833 18.8268 2.3512 32.1118 9.1785 49.0392 12.7447 17.9633 32.5686 17.6174 8.9280 50.2041 44.0293 15.1237 15.2103 9.1630 34.1599 15.1633 25.3362 32.4028 30.1788 20.4262 5.0824 27.4309 15.5213 10.5751 15.3883 24.5620 20.5611 19.0163 25.9219 32.0250 10.8502 36.5461 6.2634 27.4839 19.5496 57.9281 29.8241 13.2745 18.7964 35.1328 22.1587 43.3751 1.5286 50.7562 13.1914 5.1082 33.9480 23.4365 9.3825 38.5554 0.4903 8.4099 33.7492 6.4874 29.0558 23.9665 19.8119 17.2391 12.5253 17.8935 9.0234 5.3779 40.5597 7.2424 31.1524 28.8749 8.3443 15.1417 36.0078 12.2301 38.6836 13.7188 13.9489 65.7639
4.5185 46.3780 30.7034 22.7355 34.5125 12.5689 40.2886 4.9674 24.2322 31.3019 0.0000 18.9322 23.6476 25.5538 26.8020 20.9980 3.4284 0.8383 29.8738 31.8014 6.1637 8.7057 36.3864 26.0139 32.5536 31.6230 0.8570 10.4394 43.3438 39.6105 4.7172 29.7536 6.7560 7.7783 50.2991 38.3884 25.2091 1.3327 4.4710 31.4923 52.2861 10.9633 12.4410 30.4552 42.1917 31.2399 38.2039 39.7462 27.7576 67.3025 5.8302 31.8293 21.3466 19.9551 18.5112 19.4485 4.6233 30.5875 1.3938 22.5843 22.5360 20.4256 1.0844 23.3960 52.8554 40.6616 4.5842 41.7099 31.5025 9.9269 27.3762 11.7838 17.4620 7.8255 17.2474 5.6689 1.9734 22.9578 2.7523 39.0091 56.0036 22.4508 11.4468 14.0107 15.3418 7.5271 42.6068 30.4600 31.7747 5.6212 15.0120 19.6191 37.6349 5.2969 13.5244 17.4103 25.1079 9.2621 21.2498 13.8206
49.9681 11.9841 19.3003 0.1447 8.0219 15.9294 37.2512 36.5490 2.3417 19.0149 18.9322 0.0000 17.9262 30.9577 22.2308 4.7419 34.6493 30.1929 20.9704 10.6022 13.7689 5.1569 10.6015 25.4286 21.4336 32.3567 9.6812 7.7036 20.1352 37.1206 22.5368 16.8361 9.4362 0.0025 28.6553 31.9736 11.2128 5.2075 17.6517 7.1753 41.2641 12.7802 43.1034 18.7754 30.1809 38.9934 24.4735 17.8614 6.6331 39.5612 3.8806 30.3976 21.0981 27.8575 19.5716 10.6396 11.6946 20.7688 21.9673 25.5808 15.8469 15.8456 53.8735 2.9619 5.2728 13.9288 18.5203 27.9479 25.9154 15.0012 15.5207 18.6669 14.7281 26.1434 55.7954 24.9239 5.3606 7.5976 5.7484 33.2172 13.3953 13.4511 17.1951 34.8661 6.7326 6.8855 7.3840 37.2037 7.1701 29.3054 9.6868 8.7052 6.5704 38.2166 39.1893 30.6541 17.8012 6.5809 2.6196 11.2522
23.1837 21.0033 18.8141 12.2420 9.5706 24.4829 10.7836 25.5105 16.6125 4.5720 23.6476 17.9262 0.0000 2.9194 32.5808 23.5083 16.3517 7.9969 2.0406 1.4106 9.2464 5.5816 24.4183 11.3866 16.2857 2.5578 18.0001 11.7433 13.5206 32.5066 31.6417 32.0946 10.2815 23.5867 17.5794 0.9100 3.7102 7.2074 11.2088 39.7060 27.3901 3.0538 53.8052 47.8326 26.7260 30.7344 4.8797 25.1945 34.9146 15.7245 8.6945 15.8692 32.5576 54.0225 7.1995 18.5725 17.6445 63.5303 8.2480 17.5901 10.4220 6.3423 0.9062 8.0542 20.2130 27.1569 19.3167 8.2580 17.0126 0.6796 20.4580 8.4723 26.5288 2.6110 14.7612 28.4667 23.7957 14.7486 34.3320 10.5987 33.1703 19.7259 27.6439 21.9201 15.6539 2.2349 12.0598 21.6085 30.6490 6.9435 17.4412 24.3897 5.7062 47.9912 14.0028 20.9768 17.3651 9.6408 20.0618 9.0138
13.5441 15.3159 19.6681 11.6379 12.6251 2.7006 14.5856 13.6724 11.7391 28.0550 25.5538 30.9577 2.9194 0.0000 15.6706 41.7591 24.1540 5.0625 5.0980 11.4430 16.5683 49.4642 4.7501 22.3404 53.2212 10.2286 28.8474 10.6070 17.8226 36.0060 2.1359 9.6437 56.6729 15.5862 3.6037 12.1061 19.5033 37.3860 24.4883 42.5565 28.1897 14.6583 7.7373 1.6656 34.5449 19.0300 18.7437 7.5224 45.0330 34.3372 19.8226 19.7931 10.4883 9.8155 41.6798 13.0817 57.4103 13.1057 33.7903 13.1478 29.1782 21.6972 22.2159 18.2414 32.9392 31.5022 15.4490 39.5204 30.8885 5.4832 25.0716 16.9263 52.2071 7.6938 29.2140 21.4029 3.6661 22.1131 28.4321 19.9330 18.1441 21.8622 19.2486 5.1385 15.5266 4.6816 9.5094 41.4310 19.4748 34.3318 15.1250 17.2005 30.6469 13.9296 19.3905 17.7782 7.3143 0.0296 17.2314 15.1995
38.5838 6.4136 11.9100 0.6338 25.4729 28.7298 9.7843 15.4265 26.5632 22.0156 26.8020 22.2308 32.5808 15.6706 0.0000 12.6988 44.4267 26.8081 22.6131 23.7298 1.8908 5.2847 21.3127 8.5100 1.2534 21.2156 13.2853 27.2153 3.9501 1.6613 60.4227 51.3567 3.4265 37.2056 4.3364 21.9371 30.9830 1.6876 2.1462 3.3533 41.0086 1.1676 3.6372 2.2333 25.1535 49.6373 50.2311 0.6037 31.9439 29.1782 7.8279 16.2671 24.0257 16.0316 37.5899 12.0146 15.2523 6.8417 2.0143 12.2333 13.4786 12.6367 8.8771 38.1564 26.4039 40.0481 36.5031 54.1334 2.2933 48.1283 8.1097 34.3960 2.8084 4.1821 5.0440 14.6240 16.8550 2.8899 36.6577 49.1736 23.8537 27.1337 28.9632 3.7588 19.9694 11.3886 32.7694 31.5559 0.3755 2.3700 0.5178 1.2118 11.3737 6.8293 16.7724 28.4900 32.5969 1.6507 7.9612 21.8312
36.4849 39.0384 2.0917 30.2472 17.4904 8.4497 18.6135 40.0920 2.2075 1.2154 20.9980 4.7419 23.5083 41.7591 12.6988 0.0000 66.8401 15.8708 1.2567 2.6818 37.0000 30.5437 3.9717 11.5114 0.5545 4.3854 49.1995 21.3068 6.5438 19.5916 1.6092 11.4945 11.6040 6.1524 12.4615 5.5117 35.0877 28.1523 3.9641 19.6128 19.5926 26.8555 16.8959 8.2632 24.4235 12.0785 53.2716 25.3164 26.0935 48.3949 39.4983 19.2081 13.9362 30.5003 2.0436 10.8261 9.0386 10.8522 31.2157 20.4631 19.6448 15.3380 4.9261 25.9772 2.1499 23.5608 29.4625 6.9303 22.1173 26.6124 12.2955 4.3146 2.1186 26.0574 17.2090 39.8585 2.8660 10.1374 17.0513 15.5271 5.9828 52.1653 44.4728 7.9293 16.1600 12.3250 32.9521 35.6915 10.8469 8.5037 3.6761 24.7226 23.6192 27.9552 0.4151 6.2219 8.7751 2.3271 30.6607 19.3695
39.2002 28.8460 13.5044 31.5378 23.3311 49.4091 8.6543 13.3175 6.0489 25.3084 3.4284 34.6493 16.3517 24.1540 44.4267 66.8401 0.0000 33.4369 25.6918 14.0361 32.4281 36.3271 57.7377 26.1422 24.7181 0.5973 23.1848 9.3060 6.9960 10.4026 35.5484 20.4427 26.2345 6.2794 27.6040 11.1381 22.8718 15.4606 35.7086 8.3250 28.7142 28.9983 46.6128 0.6753 2.6622 45.1194 1.7844 12.1613 48.6368 10.1921 7.5261 21.8851 12.7501 2.2861 61.7409 3.0506 6.5645 2.5415 23.3259 6.0617 10.7790 9.1515 13.0630 6.5570 23.7084 4.9058 1.0795 7.4122 1.5555 17.8938 25.8384 2.7890 20.3937 4.9434 12.1020 3.4461 28.8382 1.8104 17.6876 33.9861 13.3191 7.6626 14.3085 12.8939 12.3940 43.7657 20.1496 13.8693 5.4354 6.9174 48.9247 38.4227 59.0625 11.7315 30.5749 13.5225 25.2105 32.1772 4.4242 0.5220
38.4624 25.2593 16.1987 1.6289 2.1648 27.8164 40.0798 30.0741 6.3866 4.0676 0.8383 30.1929 7.9969 5.0625 26.8081 15.8708 33.4369 0.0000 31.0312 0.5911 1.5687 27.1401 23.4544 11.4523 34.4214 50.8841 14.0396 65.5333 39.5644 18.4233 3.1366 35.6127 24.0333 3.8693 19.4875 0.1298 24.3622 7.5396 7.8205 45.0191 8.7716 19.1236 27.4258 28.5826 36.4137 41.7853 13.9551 42.3202 8.6226 46.4684 20.2223 10.3650 22.9477 48.6710 27.9454 23.8802 39.1550 25.0614 17.1356 19.0437 15.6851 11.7993 16.4520 15.7550 26.3231 38.7710 18.1621 20.7222 13.0066 7.8005 4.9077 16.6059 7.5416 0.5900 17.1096 20.1543 3.2398 24.8038 6.9489 37.6059 16.6419 10.3243 51.1681 0.0685 3.1866 13.5140 20.9061 19.7013 3.9654 40.0796 11.2197 0.6409 23.9768 45.4802 18.4397 10.6528 20.0660 20.5815 28.4157 9.6918
28.8597 29.7008 18.6489 13.8676 30.3557 0.6624 4.6886 21.6734 8.6572 38.2525 29.8738 20.9704 2.0406 5.0980 22.6131 1.2567 25.6918 31.0312 0.0000 8.2194 7.1375 30.6016 16.7286 35.9095 22.9126 23.2795 20.6646 8.2148 37.7292 15.1730 9.9096 10.6601 5.1338 43.3294 27.4556 38.7250 8.2028 17.2085 6.4166 5.9137 22.6182 52.5171 26.2543 27.3910 38.3193 4.3541 0.2701 25.5768 6.6124 17.1086 12.8973 20.6510 16.0873 17.2722 21.8371 28.0780 16.5584 9.6611 30.6120 1.2935 18.7840 24.1869 36.2717 32.1979 24.5393 46.0727 3.3693 17.4820 3.3763 52.6132 14.8415 8.1493 15.4193 36.7271 27.1107 13.5278 32.1645 9.4327 8.9552 22.7556 9.5828 5.4836 2.9077 26.4175 13.8965 29.2878 2.9568 13.5552 44.5033 15.5483 9.3476 6.2774 11.1603 31.6728 11.4679 0.6086 31.0148 17.0301 36.4972 17.0381
26.2557 17.7039 30.1996 60.6429 16.1355 27.7520 18.3374 7.7250 12.2729 13.7089 31.8014 10.6022 1.4106 11.4430 23.7298 2.6818 14.0361 0.5911 8.2194 0.0000 20.1366 25.5654 9.8707 15.5526 18.6728 6.7288 51.6275 14.0375 29.9008 5.9358 26.1896 52.7892 19.8868 17.2178 16.2658 28.9830 22.2466 15.8999 19.9809 4.8665 7.5006 5.4403 31.0784 10.4506 27.9344 22.1069 10.2902 23.0373 4.6507 26.8692 20.9948 25.7595 7.6587 23.0200 39.3057 18.6319 10.4020 8.1141 11.8703 13.1597 17.1704 15.5980 30.4484 39.8979 5.1948 12.0943 8.9534 11.8302 41.7628 43.0196 3.8315 16.5779 9.7149 19.8019 30.4382 9.5326 23.1114 25.0333 31.7901 14.7811 22.8510 30.8225 7.5084 18.9644 14.0541 17.0416 38.7904 43.4166 20.4142 0.2001 7.9569 35.1904 12.0557 13.2358 32.3352 16.0188 28.4834 37.0134 1.7244 14.8428
38.4308 1.3506 13.3690 14.9730 0.6321 14.0207 4.0743 3.8741 24.0344 28.1362 6.1637 13.7689 9.2464 16.5683 1.8908 37.0000 32.4281 1.5687 7.1375 20.1366 0.0000 0.2796 21.9078 40.7751 4.6952 14.6783 29.7027 23.5870 8.2957 2.5601 18.1337 10.5498 10.0193 23.8648 13.4501 20.6753 34.3795 12.5092 27.9558 31.0570 4.1761 13.9643 28.4826 20.6527 24.1108 21.4982 14.6017 38.2201 46.3860 27.5654 5.2464 13.7636 1.8948 13.7394 21.5080 22.8867 39.4021 4.8729 17.5734 11.2093 15.0262 11.5668 11.6237 6.0620 24.2364 50.0763 18.9490 24.1526 25.0491 18.5181 7.2500 11.0047 16.5279 11.4123 10.2919 22.2915 43.1220 9.8897 1.6609 8.5427 20.1207 12.4564 2.9476 28.1695 17.0464 48.0358 8.7387 9.6381 18.0921 31.2774 53.1944 4.3281 23.5588 1.8376 28.6392 16.3962 5.3871 58.3983 18.1614 3.1038
22.9711 19.8156 26.2235 41.8052 20.6187 26.1936 9.2325 80.8410 32.4692 10.2327 8.7057 5.1569 5.5816 49.4642 5.2847 30.5437 36.3271 27.1401 30.6016 25.5654 0.2796 0.0000 17.4622 20.8755 34.5579 1.0804 11.9074 42.5946 35.6158 2.2762 30.7473 36.8814 28.5442 19.7765 2.2130 7.4227 0.5729 18.3660 34.2226 13.0720 41.4675 30.4128 17.1191 16.7119 23.6519 18.1637 8.4293 16.3894 46.4212 44.3538 1.7757 1.3964 59.4702 25.1134 31.0427 25.0619 19.0786 16.5317 4.1061 14.7128 5.5380 38.9765 31.4868 9.0215 18.7485 2.8410 14.7301 36.7741 28.0456 19.8427 23.3762 14.0821 3.6342 13.0075 50.2101 4.7079 36.1772 1.7503 14.4468 51.4425 17.0394 23.3335 22.3808 36.4760 0.6689 29.4624 7.2248 20.7621 39.9969 39.7463 36.8534 31.1974 30.3914 3.5086 35.7777 3.8474 44.5779 5.8467 80.9511 7.4044
9.6365 26.4947 3.6949 3.4878 24.0034 10.8874 48.2291 36.2404 14.4216 50.5456 36.3864 10.6015 24.4183 4.7501 21.3127 3.9717 57.7377 23.4544 16.7286 9.8707 21.9078 17.4622 0.0000 7.3335 20.3798 10.7807 5.0714 6.1703 20.5553 25.1691 4.2456 32.9943 38.5060 6.7938 22.4220 6.4804 17.4389 0.3540 6.3776 10.6389 15.0106 0.6814 32.1529 16.9832 60.6942 24.3521 7.5776 4.9852 37.1601 43.3879 22.3955 25.7804 21.7957 3.9330 36.2400 55.7577 30.5044 8.4198 10.5899 24.3488 44.3010 10.4651 21.6656 13.0250 11.1154 39.6825 0.0419 52.9223 29.5103 21.7938 12.0084 15.7885 3.9870 19.1290 18.0365 30.2355 3.7224 26.0628 45.3492 12.8653 9.1441 15.8199 5.6788 13.9421 7.7253 52.3417 1.9939 24.0788 43.3226 4.4995 20.5162 8.2802 10.4732 19.5681 13.9786 14.5040 21.1022 1.2871 10.5023 32.7831
15.7641 5.3752 24.6759 9.1063 4.2053 40.3263 4.1023 61.9295 22.1453 15.8556 26.0139 25.4286 11.3866 22.3404 8.5100 11.5114 26.1422 11.4523 35.9095 15.5526 40.7751 20.8755 7.3335 0.0000 33.1528 34.1811 30.7748 22.2225 54.5374 36.8981 20.9091 41.6717 13.7731 10.8853 2.8200 14.3844 24.5468 7.5167 7.3249 16.1769 43.5250 0.4640 21.8830 20.2048 16.4986 0.2685 23.8770 4.1629 19.3213 5.8027 7.6999 31.9897 0.1673 10.5711 39.6824 20.6410 4.1446 24.4651 17.8510 24.7023 11.1317 0.6145 17.1261 11.5519 18.7785 47.0236 21.7613 33.6913 37.8353 10.0287 25.7103 26.6926 48.2010 0.5976 21.0601 39.5673 33.8836 21.9652 23.4234 26.5389 21.9382 17.1353 16.2423 25.7926 38.3027 8.9469 12.9020 22.4893 10.6561 4.0936 14.8785 12.2486 10.4715 0.6701 19.3264 2.9599 15.5741 13.9252 3.7915 15.3140
30.4364 17.0806 19.8679 19.9129 21.1731 9.9402 2.5330 8.7495 6.9140 31.9833 32.5536 21.4336 16.2857 53.2212 1.2534 0.5545 24.7181 34.4214 22.9126 18.6728 4.6952 34.5579 20.3798 33.1528 0.0000 24.6861 50.1512 12.7179 7.4459 18.8998 33.9973 8.8241 41.9202 24.8994 11.3649 12.3998 17.5448 7.2772 10.3924 39.0907 10.6675 61.6943 34.9857 28.0789 19.4951 54.8321 48.8403 29.8131 47.3159 5.2910 16.8173 2.9118 6.9813 24.0133 9.3738 3.8411 30.3603 16.8032 3.3326 18.6575 50.3353 20.8381 20.2398 10.3580 17.7502 8.4293 10.8668 24.1498 22.8093 46.4595 35.0588 15.2774 18.5572 19.1186 4.1107 32.8814 41.8923 12.5838 21.3286 18.5603 9.3466 27.6334 24.1226 1.6147 30.7347 4.2230 2.2409 27.9680 13.6387 67.4301 13.2162 4.9686 50.6997 30.6290 37.6599 53.9331 29.6723 3.7056 5.2209 15.2071
34.8006 22.8172 43.3717 9.3167 4.0798 52.4168 2.7686 12.5712 10.2548 18.8268 31.6230 32.3567 2.5578 10.2286 21.2156 4.3854 0.5973 50.8841 23.2795 6.7288 14.6783 1.0804 10.7807 34.1811 24.6861 0.0000 11.2554 42.5379 11.6686 7.4880 25.4600 8.6430 57.2737 11.9892 17.3714 16.0046 16.8307 11.4351 20.3480 7.0793 21.1101 27.8484 1.2127 30.8603 46.4535 14.0601 23.4919 15.3755 14.6663 1.2292 17.3929 24.5270 6.2335 32.5875 16.7578 19.6083 11.5741 26.3366 11.5603 25.3045 25.7980 22.4873 20.8276 22.0182 36.9649 17.2798 63.3079 23.8543 24.3196 3.6268 26.4205 5.9925 14.9070 18.8042 51.2443 35.6352 26.2799 15.9451 28.6996 5.7259 47.6722 21.1553 37.4003 18.5458 36.2492 5.4740 0.6499 4.2061 15.4481 9.4101 12.7255 8.9194 35.2011 29.4001 1.9079 6.0377 0.2302 30.6881 9.0908 30.1042
42.8206 42.1032 31.2579 5.9201 18.7874 28.4742 21.4165 22.4759 31.3783 2.3512 0.8570 9.6812 18.0001 28.8474 13.2853 49.1995 23.1848 14.0396 20.6646 51.6275 29.7027 11.9074 5.0714 30.7748 50.1512 11.2554 0.0000 28.2959 22.2976 29.1720 3.3861 8.7255 2.3059 32.4817 22.5595 33.6189 19.4868 26.3113 40.3202 1.8836 36.7965 52.2357 21.4792 25.9963 27.6615 8.8545 24.7922 31.2822 12.7866 14.4302 17.8411 5.9483 26.4938 1.2514 33.7602 36.6068 12.0351 34.8642 16.2626 2.0701 14.1983 14.6671 35.5878 31.2735 33.0392 3.8351 27.0926 27.8382 16.3028 2.6023 60.3569 11.3605 39.0802 14.3805 35.0708 8.1312 34.2554 18.8636 7.5655 16.6905 0.3508 25.0295 32.3052 14.8045 28.6243 25.6975 27.7398 30.1404 8.1809 28.8894 10.9960 19.4696 4.7272 38.8517 24.1525 26.7438 8.0519 73.4265 61.6100 17.8025
2.9499 7.7355 12.0565 31.5775 11.2320 27.5498 43.9949 34.7903 8.3349 32.1118 10.4394 7.7036 11.7433 10.6070 27.2153 21.3068 9.3060 65.5333 8.2148 14.0375 23.5870 42.5946 6.1703 22.2225 12.7179 42.5379 28.2959 0.0000 39.3454 38.4456 21.3398 29.1100 11.6435 1.5737 47.5947 15.7647 14.2025 13.5295 38.3606 40.3371 32.7690 7.2304 18.3767 21.7592 12.8914 33.8785 17.5102 0.9653 19.1139 14.0992 10.8502 28.1086 2.1689 14.1270 30.0691 12.8344 38.1737 13.0519 40.5795 16.0289 56.0088 13.4069 24.6186 4.3469 20.6264 35.6607 1.1674 14.0780 45.8422 20.2386 9.5042 12.7365 0.1502 26.1099 34.1209 7.6742 20.7607 14.5881 31.5502 26.5885 23.1817 23.9586 4.7129 32.0655 28.4989 44.7989 14.7395 22.8911 22.0761 18.5295 26.1535 51.9669 31.5314 10.9919 31.1713 25.1468 57.8236 1.1450 13.1190 26.9778
34.7742 3.6571 22.0745 42.2335 10.4453 1.5248 12.9101 28.4943 13.0641 9.1785 43.3438 20.1352 13.5206 17.8226 3.9501 6.5438 6.9960 39.5644 37.7292 29.9008 8.2957 35.6158 20.5553 54.5374 7.4459 11.6686 22.2976 39.3454 0.0000 37.6603 28.1226 14.4348 18.2487 29.6135 28.5138 9.6570 4.3952 34.6569 26.9581 16.8357 7.3774 50.9081 21.6521 26.3234 16.3716 6.8773 20.3506 13.9253 12.7138 35.4118 38.3864 25.0389 3.4229 25.7014 63.3103 15.8287 10.4195 7.5034 11.5498 51.5330 25.4819 34.8082 18.4876 10.2005 9.1506 38.2114 5.5424 1.4863 8.2994 27.7322 26.7934 22.1005 5.9212 13.8137 28.8436 28.1605 4.2699 36.2078 20.1986 16.3853 6.1997 43.1050 39.9785 21.7001 21.9861 25.2050 28.6141 8.5706 11.0692 11.2098 30.3222 15.3813 0.2401 10.7369 12.5264 6.9426 32.4868 53.9453 4.6735 48.5410
44.5781 0.0750 2.4873 6.3834 7.9345 1.6794 55.2724 35.7751 34.2546 49.0392 39.6105 37.1206 32.5066 36.0060 1.6613 19.5916 10.4026 18.4233 15.1730 5.9358 2.5601 2.2762 25.1691 36.8981 18.8998 7.4880 29.1720 38.4456 37.6603 0.0000 34.6065 21.6618 13.6885 10.4625 29.1682 16.0134 27.2087 20.0588 12.6147 0.1757 2.8423 7.2216 18.8084 30.0407 39.1810 19.2909 11.5045 39.0932 6.8942 21.8289 50.2565 18.8471 2.7449 12.5929 11.3485 4.3630 5.1795 9.0145 23.3559 9.7625 11.6120 25.9092 35.1170 8.9161 2.6144 9.7153 14.0256 22.5523 1.2190 14.8215 31.5089 5.8278 19.3229 26.3420 7.2967 23.3274 1.8477 11.6440 29.2028 11.5849 33.8838 9.4168 45.0078 7.2401 11.8178 19.5790 25.7964 27.3290 9.0564 12.3087 11.8342 20.7977 26.3574 0.3297 1.4924 22.0387 35.3118 37.0054 12.2250 8.0547
21.1700 21.9309 17.0210 16.9225 16.3643 1.6259 13.0229 13.3429 24.4329 12.7447 4.7172 22.5368 31.6417 2.1359 60.4227 1.6092 35.5484 3.1366 9.9096 26.1896 18.1337 30.7473 4.2456 20.9091 33.9973 25.4600 3.3861 21.3398 28.1226 34.6065 0.0000 5.5784 5.1440 24.8288 23.8718 11.7698 11.6057 64.2004 25.1056 0.8813 15.7390 2.5627 32.7403 26.5162 16.6588 16.3142 17.6343 1.4084 34.0879 7.0396 18.8379 16.1075 20.8695 15.9159 10.4442 22.7107 8.8511 20.8407 28.6205 1.3815 17.2927 14.1229 23.8212 24.0388 11.5583 12.4971 4.1217 12.0561 25.9883 20.2139 12.6960 34.3541 35.8850 12.4935 12.8964 33.6775 0.6408 17.5255 20.3064 31.6593 38.9946 31.6419 34.2888 12.1484 6.8136 16.2793 18.4609 52.2975 40.5358 20.4905 7.3495 23.6985 24.9259 7.1770 14.8796 39.6073 1.8988 8.2196 40.7890 11.4623
2.1468 41.8142 13.9751 12.6539 8.1331 13.0867 33.8916 7.6804 40.2053 17.9633 29.7536 16.8361 32.0946 9.6437 51.3567 11.4945 20.4427 35.6127 10.6601 52.7892 10.5498 36.8814 32.9943 41.6717 8.8241 8.6430 8.7255 29.1100 14.4348 21.6618 5.5784 0.0000 54.3531 6.5538 3.7735 7.2323 23.6094 40.9773 10.8410 22.4868 12.0963 19.9467 25.1051 1.0025 22.4934 2.0969 28.3501 0.2867 14.7847 10.9167 13.8141 4.7607 21.6461 24.9679 26.4287 34.5503 15.7128 29.9599 50.1954 6.6223 29.0068 22.6752 39.4804 28.1330 36.1463 19.9929 22.3482 36.0256 34.9284 30.1092 52.5177 12.0788 15.5334 0.5657 7.2700 12.4270 22.5736 21.0643 1.5507 15.8060 56.6470 31.3173 5.9597 19.1753 23.2867 26.2665 30.2300 17.9986 30.1509 22.5570 12.9910 51.8731 29.9940 27.2356 21.7591 21.9122 8.6749 24.5580 33.5830 14.7193
45.7424 30.5411 14.7577 24.2001 28.9386 3.2934 72.3202 32.1888 8.8515 32.5686 6.7560 9.4362 10.2815 56.6729 3.4265 11.6040 26.2345 24.0333 5.1338 19.8868 10.0193 28.5442 38.5060 13.7731 41.9202 57.2737 2.3059 11.6435 18.2487 13.6885 5.1440 54.3531 0.0000 9.1762 3.4382 12.6569 2.3293 41.6892 2.4935 11.7791 24.3699 12.5769 8.7568 42.4688 22.6291 4.5445 7.6421 22.0023 12.2544 24.0863 37.1692 1.8493 26.7524 29.9889 12.9094 7.6046 9.8274 12.5913 6.2338 14.4841 26.1516 12.3950 27.8260 8.8258 27.2857 33.1711 7.7251 15.3478 9.6701 33.6905 34.2646 17.8739 22.2467 0.4629 12.2922 24.2984 7.7890 18.7256 8.1687 11.3573 10.6950 23.5851 13.8830 1.3595 14.8987 9.0791 18.1964 36.4684 20.0462 10.8310 18.5890 13.8418 21.8611 5.4454 19.8216 13.3382 9.9058 8.7570 10.1951 1.9205
41.3521 36.2657 32.2717 3.7346 32.7219 10.4391 18.2399 38.4538 48.0910 17.6174 7.7783 0.0025 23.5867 15.5862 37.2056 6.1524 6.2794 3.8693 43.3294 17.2178 23.8648 19.7765 6.7938 10.8853 24.8994 11.9892 32.4817 1.5737 29.6135 10.4625 24.8288 6.5538 9.1762 0.0000 0.4325 63.5235 25.7037 9.4704 27.2187 29.3563 13.9243 29.4193 39.5310 34.4074 17.5925 23.1198 17.0797 45.7866 7.5375 5.5305 40.4245 28.9174 4.0227 14.9236 15.8470 16.7482 2.1715 17.0895 5.1187 5.7311 43.1826 6.2174 23.5341 2.6089 22.0697 17.0992 3.4870 4.3329 36.2284 20.5372 9.4569 33.3154 47.2510 32.9401 42.7896 13.2356 10.6425 33.3081 13.5127 10.8612 6.6884 28.4177 3.8310 13.5145 3.2489 20.4700 5.1007 47.6696 5.9840 23.2988 24.1288 7.9772 12.5268 26.9983 22.3143 16.7600 32.3960 1.5867 4.6037 16.4205
39.4753 11.0113 35.7445 13.6558 1.0373 18.9648 11.2794 9.6833 21.6116 8.9280 50.2991 28.6553 17.5794 3.6037 4.3364 12.4615 27.6040 19.4875 27.4556 16.2658 13.4501 2.2130 22.4220 2.8200 11.3649 17.3714 22.5595 47.5947 28.5138 29.1682 23.8718 3.7735 3.4382 0.4325 0.0000 17.3176 21.5305 19.8990 23.2363 19.3120 8.2164 6.1127 4.4688 9.1495 30.7014 28.9747 49.4661 17.4582 8.3468 2.8868 46.9453 24.6900 0.5432 4.8708 1.8190 14.2383 10.3116 20.6281 1.2693 15.4149 2.6697 15.5112 3.4412 52.6077 39.2904 3.7620 2.4014 12.1835 12.3870 18.2765 0.2635 31.9780 46.6709 8.0562 19.2654 7.4117 37.7257 20.8987 3.1616 42.8200 6.7658 17.9810 11.5090 13.9385 17.4894 31.4210 1.3346 53.5351 28.9125 15.4167 32.2799 18.2308 9.7711 9.3119 13.3496 12.8775 23.1675 19.3934 33.8075 56.5689
17.8140 22.1594 21.4357 22.1485 19.6361 17.1100 6.0037 12.1212 7.0366 50.2041 38.3884 31.9736 0.9100 12.1061 21.9371 5.5117 11.1381 0.1298 38.7250 28.9830 20.6753 7.4227 6.4804 14.3844 12.3998 16.0046 33.6189 15.7647 9.6570 16.0134 11.7698 7.2323 12.6569 63.5235 17.3176 0.0000 22.0403 8.6448 27.8769 4.9858 11.0711 38.4504 70.1509 16.9195 23.7471 15.6765 27.0092 31.4526 9.8249 0.6729 8.8672 49.5460 29.8354 18.2325 0.6811 6.9142 36.5671 4.0617 40.0466 9.3461 41.0802 1.9160 39.3075 17.5925 12.3176 22.4180 2.4086 39.6246 0.6323 17.3273 5.1614 22.2387 33.3003 31.2063 29.4211 39.8373 22.8181 21.9008 32.2039 15.5856 34.5366 50.2309 16.9552 25.1023 15.9222 23.7495 4.2494 23.1934 0.2477 17.6304 9.2515 13.6945 24.5935 33.1777 14.7050 36.8214 7.2512 14.1924 19.6669 17.7988
21.3429 19.5947 35.9553 59.9230 35.9529 6.5814 13.3703 1.0336 5.9417 44.0293 25.2091 11.2128 3.7102 19.5033 30.9830 35.0877 22.8718 24.3622 8.2028 22.2466 34.3795 0.5729 17.4389 24.5468 17.5448 16.8307 19.4868 14.2025 4.3952 27.2087 11.6057 23.6094 2.3293 25.7037 21.5305 22.0403 0.0000 3.5514 22.3757 34.2458 15.1590 9.2178 33.4267 4.4106 10.9918 8.8683 21.9045 36.2060 0.3911 4.5230 24.0219 14.2959 28.4455 31.5755 34.8119 0.0470 9.1411 7.8754 6.1468 24.3320 23.9724 4.7005 21.4579 40.6327 22.9460 21.1254 28.4921 10.8670 0.3011 5.0908 35.3918 22.7322 45.4480 26.5288 21.0094 13.0708 24.6369 22.3102 51.1572 30.7512 7.6916 35.8256 28.6816 0.0615 12.3077 46.7996 10.7340 25.0991 21.6191 35.0204 25.9771 2.2414 20.8378 14.2696 16.7513 26.0626 55.9550 7.4806 25.0174 14.2421
14.1085 24.8429 27.5066 21.8531 9.7487 31.5578 4.4259 0.3432 8.3220 15.1237 1.3327 5.2075 7.2074 37.3860 1.6876 28.1523 15.4606 7.5396 17.2085 15.8999 12.5092 18.3660 0.3540 7.5167 7.2772 11.4351 26.3113 13.5295 34.6569 20.0588 64.2004 40.9773 41.6892 9.4704 19.8990 8.6448 3.5514 0.0000 11.6543 3.4713 13.3586 31.2117 41.1204 31.2972 15.4304 1.4645 25.6911 21.4993 5.6707 6.4002 9.9448 22.3516 32.4102 66.6785 20.3564 31.4154 40.3185 36.4716 17.4692 7.0632 14.6780 16.2666 34.8841 20.1826 32.8960 15.5564 5.8711 10.8437 1.4963 0.1196 5.9545 20.5133 24.5940 4.8613 15.8988 26.8494 10.3731 6.6940 26.6044 7.4819 1.2983 16.4766 25.6235 5.9965 20.8931 22.7702 28.5339 38.6229 51.9790 2.8530 38.9819 39.8503 15.8942 15.7076 30.5513 3.0024 49.6304 10.9450 24.0924 26.7353
24.7736 25.7271 18.8650 13.6002 30.9973 23.5201 14.8304 14.9768 13.2554 15.2103 4.4710 17.6517 11.2088 24.4883 2.1462 3.9641 35.7086 7.8205 6.4166 19.9809 27.9558 34.2226 6.3776 7.3249 10.3924 20.3480 40.3202 38.3606 26.9581 12.6147 25.1056 10.8410 2.4935 27.2187 23.2363 27.8769 22.3757 11.6543 0.0000 41.3987 19.5611 24.3614 28.8835 1.0187 22.8228 50.5336 16.7612 9.4416 22.7656 24.9298 6.9200 21.4580 17.7460 11.7566 13.2891 34.6827 36.7701 51.2521 26.2532 8.3086 37.9169 13.9381 18.1171 20.3425 13.5856 14.4405 12.1687 32.2558 5.0081 6.0187 35.1157 44.1499 8.5312 34.7310 12.0191 51.2547 27.3412 2.3364 50.0455 15.0860 6.6056 57.4130 27.4859 26.1369 47.4652 19.7296 9.7848 17.0467 0.5075 35.2124 4.4317 35.9083 16.5328 31.3935 53.3319 29.8600 17.0736 1.0659 25.9381 22.8009
20.4809 12.2237 25.6665 34.4426 1.4509 5.4566 33.7998 6.4498 15.1213 9.1630 31.4923 7.1753 39.7060 42.5565 3.3533 19.6128 8.3250 45.0191 5.9137 4.8665 31.0570 13.0720 10.6389 16.1769 39.0907 7.0793 1.8836 40.3371 16.8357 0.1757 0.8813 22.4868 11.7791 29.3563 19.3120 4.9858 34.2458 3.4713 41.3987 0.0000 36.2560 25.9325 5.8964 12.4548 32.9500 12.3435 16.4972 0.8391 52.6478 21.2419 7.2733 3.7851 8.8210 5.8465 25.6345 14.6869 28.5438 12.5972 17.9100 18.6256 30.7269 13.1038 6.5221 0.2889 2.6496 14.8831 28.9975 8.1877 28.5480 7.0232 33.8531 16.3273 7.0743 6.5383 45.9639 15.0640 0.4388 27.1372 37.8051 30.0454 10.2689 32.8248 28.3115 6.6034 32.6631 1.5961 43.6869 29.1094 23.9266 4.0205 16.2150 57.5189 18.5659 48.2256 18.8870 20.0410 38.7250 4.6136 15.4589 1.9512
32.3500 19.7938 5.6093 31.3296 36.0745 19.6984 28.4255 12.1028 16.9596 34.1599 52.2861 41.2641 27.3901 28.1897 41.0086 19.5926 28.7142 8.7716 22.6182 7.5006 4.1761 41.4675 15.0106 43.5250 10.6675 21.1101 36.7965 32.7690 7.3774 2.8423 15.7390 12.0963 24.3699 13.9243 8.2164 11.0711 15.1590 13.3586 19.5611 36.2560 0.0000 40.3649 43.5714 15.0467 12.1900 20.0575 4.0480 35.8442 37.1439 26.8160 15.5546 15.8531 6.3963 25.3665 4.6646 22.6072 4.3083 42.0644 10.2214 21.3703 3.7961 11.4953 19.7136 2.7309 14.5765 31.2820 12.4451 14.1182 32.8445 32.2468 53.4927 37.2724 15.7860 14.9238 22.0385 6.3165 50.1930 8.5392 27.0227 2.8683 27.9387 28.0126 31.5871 12.8802 31.7168 25.7221 6.4901 45.6717 18.8318 14.2615 17.1768 16.5974 6.7405 7.4539 32.8121 47.2495 24.2378 19.0540 22.9400 3.8236
38.2436 1.3287 13.0170 32.1463 13.9494 24.5922 46.8885 39.3258 9.4709 15.1633 10.9633 12.7802 3.0538 14.6583 1.1676 26.8555 28.9983 19.1236 52.5171 5.4403 13.9643 30.4128 0.6814 0.4640 61.6943 27.8484 52.2357 7.2304 50.9081 7.2216 2.5627 19.9467 12.5769 29.4193 6.1127 38.4504 9.2178 31.2117 24.3614 25.9325 40.3649 0.0000 33.2150 14.1400 14.0269 23.9208 11.6953 19.9203 7.5411 28.1525 13.9005 5.7871 9.0098 27.1458 27.8739 7.4760 15.0884 14.7686 42.2365 37.7402 15.0870 10.0209 1.7456 7.4170 7.5573 28.5653 4.6708 0.2033 20.7023 4.9755 0.3361 10.1238 22.1034 45.8349 6.3093 1.0732 9.0449 10.8127 16.3422 2.8582 24.1447 38.4784 7.3224 29.3392 4.5151 19.7903 19.4635 32.6556 25.2448 34.2558 48.3013 49.8349 10.4951 39.7520 2.5828 6.1167 1.2273 15.4912 14.6286 43.8365
2.7210 25.7279 14.9747 42.9875 15.5383 39.7242 24.3856 6.4737 18.0749 25.3362 12.4410 43.1034 53.8052 7.7373 3.6372 16.8959 46.6128 27.4258 26.2543 31.0784 28.4826 17.1191 32.1529 21.8830 34.9857 1.2127 21.4792 18.3767 21.6521 18.8084 32.7403 25.1051 8.7568 39.5310 4.4688 70.1509 33.4267 41.1204 28.8835 5.8964 43.5714 33.2150 0.0000 21.0003 7.3513 3.4969 10.4673 11.2913 3.3520 3.0228 25.4767 9.9692 10.8881 3.2377 18.7001 4.3356 13.5317 51.2715 15.0704 33.3965 15.6806 17.1094 49.9792 18.2992 26.4488 29.7274 6.8496 12.6576 50.2007 19.3412 2.8948 6.8508 0.2745 40.1152 18.9007 8.7391 23.5235 9.3920 21.9241 16.4968 19.8351 25.5781 36.6401 16.0351 41.7228 66.4697 0.1298 18.7116 0.1955 35.3810 52.8368 27.9606 21.7198 8.5371 14.8148 32.5608 37.9679 3.9343 17.6315 0.8860
25.4774 4.2380 15.2929 25.2563 2.1525 2.7072 9.5950 41.3456 23.1337 32.4028 30.4552 18.7754 47.8326 1.6656 2.2333 8.2632 0.6753 28.5826 27.3910 10.4506 20.6527 16.7119 16.9832 20.2048 28.0789 30.8603 25.9963 21.7592 26.3234 30.0407 26.5162 1.0025 42.4688 34.4074 9.1495 16.9195 4.4106 31.2972 1.0187 12.4548 15.0467 14.1400 21.0003 0.0000 14.3859 8.4954 4.5925 17.1977 9.0615 15.7397 12.3511 2.2627 5.2014 1.1415 24.3429 1.4163 6.0147 5.4194 11.2724 43.1521 8.3282 41.8176 12.8642 4.5300 19.4411 7.6960 23.0691 9.2511 21.9607 22.5991 14.9256 15.1658 17.6403 20.4371 7.2944 18.3589 10.8719 9.0944 10.5147 36.3702 40.6659 16.3825 28.7238 42.8641 16.0347 47.6227 24.6962 29.5099 7.5695 25.4830 30.2479 16.5175 16.6614 16.5124 15.2385 16.7531 18.0280 4.4326 0.8296 5.8084
22.0014 3.7082 30.2343 3.0702 7.0328 2.6062 4.9446 41.8626 42.7777 30.1788 42.1917 30.1809 26.7260 34.5449 25.1535 24.4235 2.6622 36.4137 38.3193 27.9344 24.1108 23.6519 60.6942 16.4986 19.4951 46.4535 27.6615 12.8914 16.3716 39.1810 16.6588 22.4934 22.6291 17.5925 30.7014 23.7471 10.9918 15.4304 22.8228 32.9500 12.1900 14.0269 7.3513 14.3859 0.0000 14.4321 17.7717 10.8283 12.9651 25.0305 55.4621 18.4557 8.8414 10.9513 7.1846 7.9470 57.1330 14.5029 31.2201 31.6431 18.2899 44.2596 10.5974 31.1004 16.4578 16.8048 0.2826 15.5364 12.0310 30.1302 27.2639 6.2786 37.6493 19.2537 8.9455 19.2717 0.7842 17.1497 1.6831 26.3466 4.5804 8.5280 28.5004 19.9643 9.0478 17.1829 28.9248 8.8465 10.6937 46.0317 7.5626 3.5191 7.9113 43.4182 32.6670 26.2794 23.7742 30.6443 24.7048 41.2867
20.6467 45.5454 10.1479 8.3580 59.0505 15.6314 0.1345 30.7965 10.8862 20.4262 31.2399 38.9934 30.7344 19.0300 49.6373 12.0785 45.1194 41.7853 4.3541 22.1069 21.4982 18.1637 24.3521 0.2685 54.8321 14.0601 8.8545 33.8785 6.8773 19.2909 16.3142 2.0969 4.5445 23.1198 28.9747 15.6765 8.8683 1.4645 50.5336 12.3435 20.0575 23.9208 3.4969 8.4954 14.4321 0.0000 14.6326 42.4481 22.3309 14.3986 3.8707 25.1358 14.0429 15.4771 3.5245 1.8745 19.7495 13.5272 2.2086 18.6633 9.7673 2.0082 15.5607 31.2679 18.0260 22.5913 33.0575 19.4836 32.2072 17.5094 3.7189 6.2822 11.4823 31.7739 19.2494 21.6822 20.4863 39.1661 19.3080 9.4190 25.4423 7.1196 8.0481 40.3442 14.7500 5.2898 20.0408 19.6695 8.3385 22.8275 15.8037 16.2084 27.9285 1.3081 30.4460 19.6912 3.9207 39.7998 17.9105 37.5584
8.0631 20.7582 3.2340 51.4054 18.0239 34.4548 66.3522 13.9382 8.8440 5.0824 38.2039 24.4735 4.8797 18.7437 50.2311 53.2716 1.7844 13.9551 0.2701 10.2902 14.6017 8.4293 7.5776 23.8770 48.8403 23.4919 24.7922 17.5102 20.3506 11.5045 17.6343 28.3501 7.6421 17.0797 49.4661 27.0092 21.9045 25.6911 16.7612 16.4972 4.0480 11.6953 10.4673 4.5925 17.7717 14.6326 0.0000 28.6636 12.6670 31.4811 12.6701 18.0788 20.5928 5.6283 31.0196 11.7225 7.8136 20.9451 10.3402 15.8831 17.5949 7.0618 1.2605 5.9385 0.9866 11.3026 2.7995 13.1825 0.7697 15.9709 31.3052 20.1184 9.5169 8.7507 0.3066 10.6777 16.8960 37.4391 22.8277 0.0012 25.4515 10.7266 18.4047 2.1071 4.1169 6.4252 37.9937 1.9265 9.2183 15.5870 4.5775 5.0382 5.3666 27.8997 25.5641 0.9967 3.9757 39.2159 10.6471 23.3681
1.8696 7.0992 18.8107 1.2694 4.1946 10.9189 17.9769 45.7364 10.1997 27.4309 39.7462 17.8614 25.1945 7.5224 0.6037 25.3164 12.1613 42.3202 25.5768 23.0373 38.2201 16.3894 4.9852 4.1629 29.8131 15.3755 31.2822 0.9653 13.9253 39.0932 1.4084 0.2867 22.0023 45.7866 17.4582 31.4526 36.2060 21.4993 9.4416 0.8391 35.8442 19.9203 11.2913 17.1977 10.8283 42.4481 28.6636 0.0000 6.7123 22.3442 26.4642 52.9898 35.4537 23.4071 6.6712 7.0628 36.2060 14.4329 17.7981 2.8650 26.9926 24.5880 21.7268 18.5805 4.6152 14.4162 5.0513 18.5394 9.3602 39.2278 19.4944 24.9349 24.3557 15.8088 33.4454 26.0599 31.9159 60.3710 9.6788 8.3952 7.0655 29.1018 23.8501 8.1445 17.3981 10.7727 43.2799 61.8907 34.7163 26.5763 7.3521 26.0476 5.9417 64.9967 6.4650 10.0952 22.7666 32.9222 5.4661 13.3249
6.7683 35.8105 18.0521 51.0837 5.8241 17.9990 9.4348 20.8305 31.0754 15.5213 27.7576 6.6331 34.9146 45.0330 31.9439 26.0935 48.6368 8.6226 6.6124 4.6507 46.3860 46.4212 37.1601 19.3213 47.3159 14.6663 12.7866 19.1139 12.7138 6.8942 34.0879 14.7847 12.2544 7.5375 8.3468 9.8249 0.3911 5.6707 22.7656 52.6478 37.1439 7.5411 3.3520 9.0615 12.9651 22.3309 12.6670 6.7123 0.0000 3.5990 16.8950 9.8855 12.3721 11.8997 19.7732 19.7745 11.8461 23.5608 25.3363 12.2373 8.6144 13.3343 36.6360 36.7867 28.5573 49.5328 30.5432 10.3631 0.6134 27.3711 16.4651 13.1575 58.2437 4.9159 37.5328 4.5095 22.3152 7.7185 19.2513 12.4398 10.1927 31.0519 16.3580 10.6866 4.7524 36.8061 4.4515 0.3806 14.6532 6.5883 8.1695 26.7666 1.1190 17.9313 2.5121 1.0013 18.3920 4.1024 4.8802 7.6014
6.2018 25.0619 22.0028 13.2045 30.1357 31.7683 1.5857 26.0741 40.2892 10.5751 67.3025 39.5612 15.7245 34.3372 29.1782 48.3949 10.1921 46.4684 17.1086 26.8692 27.5654 44.3538 43.3879 5.8027 5.2910 1.2292 14.4302 14.0992 35.4118 21.8289 7.0396 10.9167 24.0863 5.5305 2.8868 0.6729 4.5230 6.4002 24.9298 21.2419 26.8160 28.1525 3.0228 15.7397 25.0305 14.3986 31.4811 22.3442 3.5990 0.0000 64.2652 6.4364 32.8241 40.9645 8.2341 18.7073 25.5300 5.6587 4.5434 5.9808 10.9909 3.5094 0.3602 6.3723 21.7996 15.5402 22.8877 12.0406 19.1999 9.0248 2.2738 29.4267 15.6096 28.4987 33.2685 23.0576 25.9321 22.6753 45.6291 21.3114 38.7821 31.4597 14.4996 0.9666 22.8919 21.9010 4.0932 23.2910 25.6838 32.8679 4.8290 36.4664 1.0876 11.9093 14.7534 12.4092 7.8107 25.4433 1.3678 41.1818
1.7905 10.9509 33.4136 2.6171 14.8182 39.8120 19.6040 3.7494 9.8447 15.3883 5.8302 3.8806 8.6945 19.8226 7.8279 39.4983 7.5261 20.2223 12.8973 20.9948 5.2464 1.7757 22.3955 7.6999 16.8173 17.3929 17.8411 10.8502 38.3864 50.2565 18.8379 13.8141 37.1692 40.4245 46.9453 8.8672 24.0219 9.9448 6.9200 7.2733 15.5546 13.9005 25.4767 12.3511 55.4621 3.8707 12.6701 26.4642 16.8950 64.2652 0.0000 21.6132 7.7720 0.3228 9.1996 33.3740 14.8198 0.4123 3.1047 6.3662 2.5166 32.2712 30.5236 8.9773 3.9714 36.5132 14.2276 44.5757 15.5539 37.7511 4.6116 8.6852 19.2388 19.0637 46.3506 38.2148 17.8689 28.7726 22.9711 4.5866 29.3207 10.6886 13.4492 26.5096 10.7420 42.6339 23.3360 14.3230 4.7817 9.8334 0.4981 20.6406 22.5769 30.2493 3.0673 56.8189 2.3568 14.6116 11.6057 9.8527
