150
0.0000 89.5278 108.0528 101.2716 105.8202 103.8786 105.1973 119.3954 103.8715 102.9520 96.5880 90.6142 83.4407 107.9155 98.0278 96.7774 107.7401 90.5684 78.2705 97.8719 94.4836 102.6344 99.3420 91.1994 98.2950 91.2024 99.2874 96.8099 87.0428 109.9494 106.1980 106.3983 95.1452 99.0730 69.0371 96.1857 93.1984 98.7891 114.8429 104.4203 99.7877 97.6905 85.7463 89.9417 111.2325 114.0397 101.8414 103.7698 105.4396 101.7474 97.1957 89.6402 101.7758 106.1642 105.8277 89.2789 87.7516 78.0803 101.9601 100.5622 98.0926 107.4535 93.9642 121.0169 81.1897 100.4967 108.8672 104.1410 101.2146 99.3743 101.9885 93.4467 85.1065 106.8250 107.1596 101.5839 104.0015 95.7531 114.1953 112.1795 104.1864 125.0076 84.0669 107.0303 79.5144 103.1189 112.2474 98.6666 99.8372 96.6805 96.5245 112.8132 97.9374 103.8097 107.8538 110.5970 108.3527 90.0885 89.9629 107.6503 89.8436 107.9868 110.9367 91.4443 99.2231 108.3195 115.8627 97.1438 99.2888 101.0737 102.5845 89.1929 78.2958 95.4658 113.7544 80.0560 89.8024 105.6845 84.2142 87.1138 98.7890 74.4541 87.9598 104.4039 106.0190 95.7140 89.8406 113.2186 109.1690 106.5829 91.2564 88.4599 98.9506 106.5759 105.5441 88.8595 107.7054 95.5106 97.5609 108.7941 85.6338 93.3314 80.6975 111.9436 119.0026 104.3701 124.3355 107.3957 112.5044 108.1528
89.5278 0.0000 119.2379 95.0191 102.6703 107.0066 118.4064 102.8421 95.4916 87.8046 98.1066 88.8777 94.8234 103.1092 115.7176 102.1074 92.0020 91.7833 96.3080 97.6599 90.1270 109.6490 76.1676 85.5658 121.1530 99.8577 90.8801 105.8899 107.7738 109.5964 88.5911 89.4582 107.1374 75.6937 89.3400 107.4842 95.7745 99.6450 90.2567 95.9448 91.2219 89.4998 93.9844 104.8169 103.9561 105.3713 90.9151 96.0516 108.6678 115.9874 106.6930 99.1353 127.7871 105.3130 111.8048 99.5196 101.1808 106.6655 95.2999 117.7961 111.0978 112.8699 87.5808 114.2232 92.6144 94.0912 97.6831 103.1527 109.0317 99.2730 104.4678 110.5015 85.4273 97.3748 82.3945 112.3536 97.5766 102.6767 98.2958 93.5304 77.5020 105.6973 94.6458 83.2562 82.8614 92.8705 113.0320 84.0083 108.9277 90.6287 94.5383 99.0891 99.6311 106.2329 116.5522 115.0372 101.5536 86.7352 110.3037 109.0458 92.7696 120.5783 94.9434 92.4261 94.0801 99.4393 100.1147 89.0374 89.1126 118.2336 92.8096 98.0391 85.5508 98.3088 87.1396 95.2325 125.1386 88.8094 80.2437 99.3272 104.4379 109.4182 89.2914 110.9125 95.1045 118.1643 111.9690 127.6009 111.0875 112.4977 85.9621 116.0551 109.6768 102.9651 85.7103 106.0562 98.2889 105.2927 96.7969 100.6583 98.0259 116.7004 109.4138 94.7083 107.4914 103.8426 108.6510 93.3746 107.0313 80.1820
108.0528 119.2379 0.0000 90.7286 107.0618 102.8048 102.5021 111.0221 90.7075 107.5811 86.4492 111.0447 112.0592 99.9392 98.0582 90.7140 101.1669 91.1127 99.9316 103.1297 98.5212 81.1236 96.8889 97.8516 109.5777 103.0881 76.2127 85.3325 96.0374 97.9017 91.9321 115.2111 98.5195 107.1188 101.3935 81.2638 94.4674 104.7041 89.1870 105.8976 103.6829 100.0401 106.0506 92.5491 87.2216 89.0371 115.2694 94.4153 103.9730 105.0353 97.4170 115.4123 80.1188 88.2864 101.6123 102.0988 92.1541 98.9481 99.2454 101.2164 110.7723 117.5456 100.8771 90.4504 81.7578 91.4030 106.1122 104.4545 96.5165 100.6023 93.0952 89.3367 97.1550 96.5142 98.2674 119.6520 112.0684 96.9266 83.9958 103.6248 100.4304 106.8531 98.7762 103.7682 104.8296 99.8623 100.1221 126.6263 102.3354 89.2305 100.6099 101.8898 104.0760 89.0980 101.5757 92.3054 99.9545 105.4836 106.9175 100.6449 96.6246 119.4604 115.6699 104.0842 90.9013 99.0535 96.0846 116.6634 101.0645 96.0674 91.3819 89.1646 96.5802 116.4781 108.9228 115.2535 94.8071 100.2831 97.6186 82.8285 97.6806 108.8726 92.8190 98.3899 104.1391 78.9259 101.9676 103.1357 111.6159 88.6656 112.7620 115.9179 93.9354 105.0072 103.6773 100.5437 85.4318 112.8753 117.9666 90.7920 130.9584 95.0022 100.1777 81.2234 108.1462 105.5483 110.5724 88.3666 100.4539 103.3571
101.2716 95.0191 90.7286 0.0000 87.7674 93.6397 92.4620 100.7053 86.6824 93.9025 99.2756 89.7765 104.3626 117.2677 105.1934 108.0090 96.7648 98.0457 105.8853 84.1835 97.5703 97.5128 92.0512 82.2570 87.3071 101.7075 95.9798 92.4078 92.7525 102.5802 80.0574 126.2850 101.8198 105.4899 84.1293 99.2149 119.1867 95.2321 117.3027 102.6846 78.9463 99.9776 117.6852 99.6921 98.1590 109.1115 105.7730 94.6461 95.8650 109.4218 98.8483 102.5725 90.5852 103.0388 102.2931 87.4792 96.8586 113.8141 87.1046 110.7109 90.1528 87.3763 103.9733 94.1677 94.2637 110.9589 94.3465 86.9622 99.5669 115.7990 93.8984 88.7606 110.6689 106.3417 97.5466 109.5151 93.2470 104.8431 115.9630 88.8962 122.3892 98.2595 107.7247 90.1329 101.5953 108.9257 114.1058 103.6843 111.2950 89.4882 88.7006 107.2879 78.1223 114.4252 81.5751 86.4077 99.2736 87.0903 101.9255 101.5094 109.0244 122.4843 94.3533 94.8145 105.6302 85.3725 97.1623 112.8692 104.1339 89.5250 104.6929 87.6718 110.4316 114.3681 94.5553 91.4554 100.1229 103.6982 86.5881 103.2328 94.9315 85.5421 91.3867 93.1178 99.7085 94.8741 98.6312 100.5390 103.3737 107.4551 74.9523 101.0318 119.0224 111.9062 112.0386 102.8938 110.2373 108.0633 111.4825 103.4686 104.3497 119.7726 77.0414 105.3862 88.4791 100.6775 116.7235 105.9777 105.4720 89.1651
105.8202 102.6703 107.0618 87.7674 0.0000 97.1629 91.1537 88.6864 105.6957 102.6044 99.3589 93.2436 97.1189 95.1703 98.4605 107.6842 103.8414 131.4250 103.9853 94.4586 95.2747 89.5349 108.3540 95.3348 82.3539 90.9415 96.2981 103.2970 113.2884 100.7754 98.5781 97.3790 102.3744 84.9697 116.5773 93.2672 93.1053 95.0780 100.9984 110.6489 85.7034 102.7907 105.6528 104.3693 107.8244 99.6899 90.4555 99.0282 108.1171 129.6296 93.9605 104.1244 117.8596 86.9896 115.7853 87.9346 97.8465 86.6396 86.2481 89.8205 100.4142 104.8509 103.7396 98.7741 101.5376 112.1869 104.6041 112.4377 84.3496 113.8075 102.4970 108.4577 81.8531 108.2199 95.5990 87.0876 102.0564 84.5583 95.6760 95.1961 118.1922 102.2639 115.1623 105.2587 88.3435 95.1281 91.8899 117.4203 90.3731 114.3120 112.1070 86.2789 96.8673 102.2562 113.8814 105.0074 95.2877 99.9928 107.3150 116.8403 93.2955 87.4477 93.3144 88.0603 96.2478 94.6015 97.4733 85.7890 105.1379 101.3420 96.5599 94.5246 89.7189 100.9968 125.1453 100.8920 106.0024 101.1215 114.0676 105.0250 109.2290 112.0938 92.3032 69.8586 80.7109 85.6296 96.6229 122.8395 77.6819 85.6747 108.1871 129.0385 110.9507 100.2219 103.3742 99.5171 107.3265 113.7901 107.5898 90.2958 92.8343 107.1162 109.0300 102.4257 83.6274 103.2626 105.7873 98.4112 114.8524 86.5594
103.8786 107.0066 102.8048 93.6397 97.1629 0.0000 79.1183 94.6257 96.4893 119.9886 96.9014 108.0596 100.1263 118.7209 99.9519 99.6012 118.1514 95.4704 108.1349 84.5609 90.1249 103.7673 98.2775 112.7671 100.7870 93.7960 125.4293 103.0317 88.8400 88.1052 113.2378 92.9606 97.9065 106.1955 96.5459 96.4052 102.0594 112.9350 105.2610 108.9321 101.2870 105.6391 92.3455 79.9056 92.9160 94.3056 104.7210 91.1100 113.4046 100.2790 97.0719 101.9635 109.2463 99.0844 103.8508 100.9700 94.4050 104.3201 113.4703 102.3814 93.2596 109.7039 115.1483 115.2155 104.9677 117.1782 87.0832 120.8292 95.6879 131.5397 83.2916 91.4433 105.7716 105.1054 112.1096 111.1241 95.5263 89.7958 101.1201 114.9706 108.6829 110.5688 104.3876 101.9243 86.9212 83.1484 104.8876 92.1462 88.8056 98.9569 114.0226 98.9492 84.2410 84.1628 97.4150 93.7756 106.3586 105.2575 90.9941 96.4311 109.0706 100.2804 103.7324 92.8885 103.0473 98.2112 106.0035 108.2939 109.5943 114.4563 94.8109 98.7883 90.1648 116.3944 106.1707 95.6004 95.2871 108.3849 96.8904 87.9158 106.3730 101.0332 93.5038 99.0552 101.6142 111.5642 99.9729 98.1076 89.4795 107.8609 111.7220 100.8664 87.2394 94.6918 111.1082 98.6504 106.3271 109.4435 102.7261 112.1481 115.6243 98.7781 113.5447 84.7009 95.6951 102.1082 91.7033 85.7825 90.7649 105.9557
105.1973 118.4064 102.5021 92.4620 91.1537 79.1183 0.0000 97.0972 108.4967 115.4632 85.7156 84.8290 100.8599 98.2005 121.7239 76.0014 107.5929 96.4651 82.4967 111.9624 94.0796 119.6862 89.3080 84.7623 98.9142 105.9935 91.9733 95.3715 80.9839 113.0649 91.0674 96.0325 93.6215 97.3213 97.5253 93.6173 97.2852 101.7998 83.3437 89.8997 104.2441 76.4047 95.6104 96.8661 104.7799 95.5129 103.2132 115.4723 101.2732 95.7284 102.1588 102.3646 110.5036 103.2598 96.8451 94.0124 98.0921 79.3742 104.6394 113.0303 92.4066 91.7242 102.7524 99.0628 94.3536 102.8804 99.1247 110.0489 107.8088 100.3293 94.1326 93.1990 77.7429 105.2401 109.7836 80.9279 108.0729 110.8653 92.6756 109.0970 109.5698 86.7325 94.5703 105.2473 98.8917 106.9468 98.2846 94.2186 101.0704 97.2537 112.4517 80.5548 111.6462 102.8230 103.4240 102.4132 97.8474 95.1597 101.7112 122.8286 82.6301 110.1724 87.0509 97.8884 91.0645 109.8759 104.5236 98.8190 84.3001 112.4607 98.8326 105.2887 111.5049 86.8090 94.5648 113.7378 83.9953 114.9554 91.8770 85.5352 99.3121 105.5114 97.2074 101.2987 101.4310 93.6488 116.8300 103.8126 86.5374 97.1050 94.5892 96.9372 98.3000 108.5676 115.0264 105.2379 108.1323 113.0481 108.6941 87.6410 110.6369 95.2866 86.0300 91.4280 79.4764 101.4933 108.9294 102.9633 97.9050 88.9353
119.3954 102.8421 111.0221 100.7053 88.6864 94.6257 97.0972 0.0000 108.1016 105.2345 94.5230 105.8089 96.8430 98.4670 89.7616 95.3145 95.8403 83.1559 111.7795 77.0481 106.6865 95.1827 103.9148 96.7556 106.7349 86.3897 104.5990 93.6079 102.6063 118.1919 100.8309 100.8887 100.9923 95.6724 79.2420 113.5004 118.9325 108.8859 92.6639 105.3018 80.4870 87.1407 91.6789 90.1018 85.9181 99.9095 96.5617 103.8649 108.7461 109.0920 89.4560 111.5289 85.8202 98.6876 93.4827 95.2256 80.7077 101.7813 97.2101 117.2861 103.8551 104.4728 109.7598 107.6809 106.8367 97.6104 89.0944 97.4519 105.0910 99.8152 95.6420 109.8524 103.7204 108.3917 91.7473 90.5676 102.0624 94.4330 101.5730 106.8958 113.4067 89.9278 101.5738 109.6003 79.2370 85.4089 106.4067 97.8624 94.2169 107.5773 102.5902 103.5416 96.6324 107.8401 99.6269 103.3679 103.9248 98.0434 95.7033 109.7433 113.8513 94.4233 87.5562 98.0811 105.2657 97.2033 99.9478 91.2298 105.1195 79.4311 124.6945 115.6569 105.6473 116.1544 78.9832 113.2737 97.3124 112.0141 108.5598 88.8766 75.5781 112.4532 95.1602 109.0912 117.3713 102.5955 114.7310 108.4200 115.0653 112.4960 108.2681 100.1614 111.1741 97.2289 95.3138 115.7029 99.1898 91.6348 103.4243 111.8825 102.0804 115.7512 86.5602 114.5679 100.4138 94.7916 93.1301 94.7428 94.7059 92.4027
103.8715 95.4916 90.7075 86.6824 105.6957 96.4893 108.4967 108.1016 0.0000 76.6214 88.9273 100.8798 101.1307 130.8170 115.9790 114.0153 103.4311 112.1272 113.3566 103.9347 114.1797 102.3058 108.9088 100.6823 91.6186 110.4246 83.7183 88.8284 105.7827 89.9512 110.7830 111.8056 99.3058 89.3348 90.9460 95.9902 99.0245 88.7846 102.2565 120.9155 100.9368 102.9537 117.8030 70.6699 97.2446 119.1181 112.4929 105.7778 92.2493 99.1523 102.4116 113.9854 90.1428 105.2564 95.3924 101.3018 97.5815 91.2031 97.4224 111.9607 113.5340 107.0484 103.5920 104.2659 106.7547 111.9630 86.9227 87.1974 111.9519 98.9115 101.5911 76.2527 102.5602 106.1854 113.3111 92.2821 89.7491 84.3407 95.5819 114.2564 92.0422 106.7130 87.0552 104.4525 93.9725 104.9932 115.7764 84.1595 110.2420 104.8272 100.6685 90.4555 93.8729 105.0373 78.4575 92.7646 90.7806 101.6579 96.9597 97.4391 84.1029 95.7017 92.9477 96.5230 102.5977 100.8094 92.7104 98.2919 92.4909 95.7294 98.2532 117.1686 105.5967 104.4807 101.9611 105.6101 73.3187 96.5476 89.3973 85.7930 96.0474 90.4089 87.9097 94.6660 94.5020 87.2022 116.7258 95.6663 102.6511 101.7731 111.3141 90.0595 92.4438 110.0127 96.5961 114.4930 108.2070 88.7600 102.1094 96.4608 87.4836 105.0921 90.0883 103.0608 89.1107 80.1660 89.8670 92.3369 74.4051 107.3344
102.9520 87.8046 107.5811 93.9025 102.6044 119.9886 115.4632 105.2345 76.6214 0.0000 112.6697 95.6140 111.0284 89.0472 104.3142 108.1999 100.0482 93.9096 113.7787 124.0919 82.3482 119.2760 91.9175 102.6392 108.5110 90.3934 107.1821 92.3041 89.0373 100.9462 96.0027 89.2876 105.2588 92.4746 89.3501 105.6929 119.2923 75.0067 87.6310 95.5031 86.0639 88.6962 97.2781 105.9825 95.0646 102.7719 94.7570 103.4771 97.8971 105.6714 104.7890 106.6044 73.2510 110.1188 99.0851 100.7190 100.0989 99.0658 98.2422 95.0696 114.7076 107.0979 100.5637 103.1574 95.7220 96.4515 104.2765 96.2304 107.5602 113.8052 99.3484 104.8067 91.5470 110.9766 102.0487 107.6709 95.1406 91.8968 84.2231 94.4144 106.2595 118.8913 119.1719 84.9791 88.7632 111.4644 108.8074 102.9703 69.7255 119.1897 90.7107 106.0774 104.0546 97.3156 115.4488 95.1580 88.0942 102.0986 96.7406 101.5051 95.8185 106.7254 81.4417 107.8966 111.5334 90.8789 111.9977 98.1589 91.1030 118.4300 101.4317 107.7557 121.4762 101.0571 86.3148 96.8646 87.8334 100.7507 93.9949 94.6905 87.4278 103.2595 86.7245 103.8438 110.6233 106.4732 101.2610 114.0743 82.8239 106.6287 107.1901 86.5298 86.5783 94.7384 93.1801 104.9429 119.7966 117.8741 110.3843 91.4532 111.4656 87.7866 110.5544 113.0306 120.7020 101.8181 88.7922 105.1851 92.4159 106.5297
96.5880 98.1066 86.4492 99.2756 99.3589 96.9014 85.7156 94.5230 88.9273 112.6697 0.0000 98.7719 86.6818 95.8562 91.1832 94.9711 99.4106 124.2233 115.9277 93.9329 102.6272 84.1838 106.1242 91.3025 114.6812 98.4569 102.0595 94.5688 110.6334 87.1852 96.9390 86.2805 93.1704 97.7376 111.3216 122.1397 84.3682 97.0162 108.6104 101.0651 104.3370 111.4194 98.1074 82.9534 101.9500 97.2192 104.4603 95.1374 90.1125 114.7855 101.4409 89.8178 108.7397 101.1423 100.5202 96.9538 108.2381 103.5219 99.6683 107.8727 106.5393 96.7823 94.2600 107.2811 98.2374 102.0947 104.8865 91.7614 93.0935 82.5668 111.9893 92.7394 105.2919 88.2402 95.2954 93.5446 104.2204 85.4092 104.2050 100.4052 96.0338 77.4219 101.8214 105.3714 105.4359 100.9064 98.3244 75.9594 86.2067 98.6092 102.5265 97.1968 115.9374 115.0574 94.9069 96.8329 112.1828 85.6597 109.8309 93.7382 102.9251 96.6760 113.3391 91.0390 100.2515 104.5631 90.5686 96.0295 108.2215 97.4456 114.6048 96.9521 108.1639 87.1961 107.5944 116.1524 106.3256 96.5057 118.3998 102.2669 109.9120 102.1756 87.4181 83.2926 97.6602 97.6511 104.2168 105.6823 97.2634 102.8637 104.1743 121.1958 100.7092 82.2688 110.6792 102.3678 91.4204 112.1024 106.1075 94.0457 93.7891 95.9567 72.7675 105.2681 99.4619 107.0831 105.5454 94.0113 103.0515 104.3379
90.6142 88.8777 111.0447 89.7765 93.2436 108.0596 84.8290 105.8089 100.8798 95.6140 98.7719 0.0000 95.3555 92.2402 94.4481 88.6226 93.3796 108.9313 98.7198 102.2347 105.6566 90.5549 119.8606 94.4554 76.9851 93.8499 101.1167 93.5885 108.3997 86.7540 110.3602 98.3682 102.4661 85.8738 109.8697 101.1781 100.0962 104.0777 102.6064 106.0968 92.4393 99.1982 88.3872 108.0136 87.9942 113.8255 101.5202 105.7326 119.6195 102.7413 98.0341 100.6972 103.3402 79.2660 92.6715 116.1425 108.2536 86.9705 117.8913 99.5845 107.1107 105.4292 97.3303 116.5082 89.9920 111.0934 91.6088 88.2329 88.2279 114.5652 87.5567 118.8685 87.4186 112.7414 87.5261 99.9125 80.9014 114.6849 93.3012 78.7603 102.5780 99.8547 93.6049 82.5011 98.6816 96.6340 109.7818 88.5540 96.3681 115.1582 104.9987 103.3132 90.1472 99.0181 83.6008 91.5405 109.5269 107.6641 110.1396 101.7270 97.1984 91.5620 89.4567 103.8596 101.6118 107.6117 92.3344 106.0324 107.9667 85.0178 121.3625 101.1514 91.2129 102.1664 93.3050 89.8526 108.5334 108.2778 106.5427 93.1531 100.2121 123.9676 93.9858 75.0829 88.9793 103.2498 87.1156 95.8919 87.1183 104.4902 98.7402 93.7103 99.9410 100.9642 95.2886 97.4865 110.4131 80.7623 90.8395 85.1832 94.7953 112.4875 91.2038 106.7833 104.2442 91.9539 107.8271 87.4816 102.8710 103.7027
83.4407 94.8234 112.0592 104.3626 97.1189 100.1263 100.8599 96.8430 101.1307 111.0284 86.6818 95.3555 0.0000 99.7269 102.0702 92.0031 88.9607 94.7232 110.5301 110.3806 86.3205 92.6665 97.8885 103.3316 96.9557 103.6411 111.4326 103.2650 122.6375 116.8890 98.2562 80.8987 94.5435 95.1675 88.4792 105.9728 111.4853 91.2107 105.1195 82.2917 106.7677 102.2058 95.2068 105.0893 102.2227 100.4216 95.8865 91.3640 96.3376 89.4892 123.3696 104.5464 92.5366 106.0036 110.3688 97.1978 104.1618 96.5898 95.4514 96.7821 95.4017 85.4483 94.6024 102.9214 97.3315 94.6399 93.2484 90.0756 115.3174 95.5882 107.5515 100.6919 102.2309 91.9248 83.7114 108.5803 106.3936 99.7743 108.6271 86.5945 123.4665 106.3543 115.5682 76.9356 82.7192 94.0086 102.4238 98.0260 90.4129 87.6116 102.6038 85.5766 95.6777 114.6003 93.9048 106.6052 95.0075 94.3590 119.8850 110.9884 90.2206 99.0236 103.0001 96.7337 102.0641 91.9669 95.4063 89.1450 107.6346 117.0906 116.2309 109.4470 93.7714 88.9736 99.1964 91.2291 91.3011 105.6464 93.5189 92.4322 92.2076 111.3749 109.8698 105.8226 100.8196 106.6442 102.5350 101.2561 117.8369 82.4048 105.8063 110.9385 94.7428 115.7876 87.4776 104.0425 80.7425 86.5164 107.6611 109.5668 74.9861 97.9849 104.5303 78.1589 98.9496 88.5665 100.5255 117.4180 98.5770 106.9002
107.9155 103.1092 99.9392 117.2677 95.1703 118.7209 98.2005 98.4670 130.8170 89.0472 95.8562 92.2402 99.7269 0.0000 110.9045 96.0239 125.2758 96.5707 102.0595 101.5967 98.5631 116.1050 93.2743 113.2083 102.7059 107.4859 85.6224 101.3549 105.1874 102.3142 130.4779 98.6706 102.0043 101.3156 101.2195 100.1956 88.5889 113.0416 111.5794 110.0777 111.2518 96.8115 100.8833 101.9467 86.5789 99.5898 109.9943 96.4355 78.6291 116.5357 97.4343 106.2393 99.0281 101.6808 74.6415 88.9363 96.1817 92.0988 105.8548 101.4171 113.8115 117.3640 108.1105 109.3179 87.3150 113.0758 109.4004 87.2396 95.9588 89.3867 87.2625 101.4850 108.7718 97.9449 92.8844 104.3775 112.4632 109.2697 90.7735 96.8691 105.5637 113.2180 108.4855 77.8040 107.7858 105.6037 97.7547 109.6201 97.5989 96.9171 93.9450 113.5118 87.3580 95.0142 93.0800 102.7130 126.2359 98.1570 95.8178 104.4248 104.8494 104.3345 97.9204 94.2622 94.0876 106.7347 100.6694 98.9960 89.3604 95.3401 118.2355 96.4357 97.2579 102.6240 98.6309 103.8800 90.2697 89.5380 108.8679 95.9180 81.0592 110.2213 87.8317 103.4186 81.5642 110.3893 91.2499 96.9989 114.4172 103.3617 106.0827 115.4475 86.4746 99.9839 102.6163 82.2701 88.5279 103.4137 99.1809 96.5281 104.8883 101.1951 104.6483 106.5724 93.7639 100.3274 110.7951 98.7997 96.2912 100.2128
98.0278 115.7176 98.0582 105.1934 98.4605 99.9519 121.7239 89.7616 115.9790 104.3142 91.1832 94.4481 102.0702 110.9045 0.0000 87.0758 113.0286 112.3460 98.5828 104.7248 105.7650 90.7509 106.4472 89.9245 88.0456 112.6639 111.7039 102.7406 91.5427 109.5594 103.6265 111.2522 92.3885 98.0192 120.1487 115.5603 94.9308 112.5702 93.2421 89.7230 110.4744 107.5885 91.1364 92.6277 108.9561 100.0603 120.2553 104.6921 102.2241 112.2277 108.7706 84.6553 90.1503 89.4807 114.7322 106.5804 104.6900 89.1979 94.6984 96.1809 87.6250 99.1978 86.5495 109.0520 100.9419 102.2747 117.8655 69.0229 85.4128 114.1318 103.2947 120.2974 97.3782 98.2049 94.5099 127.1532 99.9267 97.6114 112.4071 89.1410 100.3851 99.5652 98.5021 79.8985 90.5660 88.7666 98.4966 100.6757 96.5029 110.3838 114.7201 95.2208 91.2545 89.3732 88.5761 106.5444 103.6254 94.5412 105.3630 103.0412 91.9588 90.6258 89.7775 94.9799 105.7939 99.6620 113.4807 110.0795 104.0822 91.2756 105.0200 94.0429 92.5497 109.2740 92.2504 98.1132 76.1456 113.6397 85.0738 106.8054 97.5038 101.9017 108.8727 117.9064 112.1342 86.7663 102.4964 98.5003 104.3692 106.1570 69.9248 89.8173 80.4464 116.6316 108.4956 101.1439 102.9058 92.0039 93.8221 103.3724 117.9777 104.5966 81.3790 104.9906 94.4409 95.3785 113.1385 103.9560 110.2607 114.0630
96.7774 102.1074 90.7140 108.0090 107.6842 99.6012 76.0014 95.3145 114.0153 108.1999 94.9711 88.6226 92.0031 96.0239 87.0758 0.0000 102.9847 91.1819 105.2816 112.8518 91.4176 96.0869 97.3125 100.5596 91.2885 89.9178 101.7350 94.8749 81.5476 100.6984 88.8515 88.8865 78.7302 112.2395 111.7299 111.5371 87.0960 84.3399 91.4554 106.1515 117.9134 89.0717 116.8492 100.4032 109.3823 100.7058 92.5360 93.9119 130.2243 102.1219 99.0305 102.8081 91.3030 94.8488 96.2541 98.3641 109.6634 93.5624 99.9510 105.8011 97.4874 89.6903 100.7271 110.7661 115.4946 90.6946 101.0719 111.3197 81.9835 90.5938 89.6948 95.1660 108.0316 121.1895 96.4719 104.4801 130.7378 92.9841 84.4719 104.5754 81.8921 99.8479 105.4717 87.1138 85.1555 86.7348 101.8914 117.1762 93.8347 95.5081 98.1840 116.8914 81.1502 106.9982 95.6206 108.1180 102.5386 96.4367 99.9250 89.9336 86.2604 101.1869 122.3698 104.9185 81.8137 101.9270 92.2403 94.3011 91.6158 99.8882 109.2873 102.1323 103.8945 88.9368 93.2196 114.2649 95.1258 83.2981 100.0503 86.8093 91.5730 101.9007 98.7410 96.8237 82.4672 92.3549 89.6249 103.7289 90.8540 94.5750 96.5396 111.4771 112.7498 100.7842 106.0758 111.6442 91.8889 110.7866 110.3181 105.7411 108.9730 92.3541 90.9650 107.6212 93.4109 105.8389 83.8113 102.8312 114.8007 84.3011
107.7401 92.0020 101.1669 96.7648 103.8414 118.1514 107.5929 95.8403 103.4311 100.0482 99.4106 93.3796 88.9607 125.2758 113.0286 102.9847 0.0000 102.6118 80.8318 101.4411 109.4856 94.3626 95.8148 97.9698 99.7077 87.9095 97.9966 111.6989 94.9769 101.1142 80.4373 112.3971 84.8009 112.5222 117.8737 111.9291 93.7092 108.9795 94.1711 99.1242 96.6066 97.1344 103.8861 93.2341 87.3829 108.0047 112.3614 111.9026 92.9642 93.7716 104.4043 90.8594 120.3058 104.3636 101.6397 89.1132 109.4058 103.8546 102.5146 90.3445 89.7482 93.1633 107.7658 100.0933 114.8067 91.6054 103.1794 101.6675 103.3919 95.4696 100.2686 87.4919 86.9437 94.5881 101.0165 103.4145 97.6376 85.3221 94.6229 103.9421 94.2944 98.1657 100.1046 98.1905 96.1923 86.2929 95.0980 95.8258 106.4349 121.1891 94.2900 93.3108 91.6715 104.7205 103.3168 107.0625 108.2830 100.5804 111.3553 104.2958 109.6362 101.2552 109.5158 96.8740 101.6807 94.0088 93.7654 93.0947 85.7168 98.3167 106.5274 101.1458 89.7354 101.8075 89.0837 114.3898 114.7110 90.3987 105.8340 85.9823 112.8985 101.8487 107.3752 90.7629 109.8815 102.8853 102.7148 93.0473 105.3132 104.1680 90.4579 89.5575 112.4917 120.9963 87.7166 105.6786 108.0501 103.0746 91.8921 117.4270 98.8262 96.4576 86.6142 104.5898 104.6076 115.5056 87.2522 86.8962 96.0672 105.9163
90.5684 91.7833 91.1127 98.0457 131.4250 95.4704 96.4651 83.1559 112.1272 93.9096 124.2233 108.9313 94.7232 96.5707 112.3460 91.1819 102.6118 0.0000 79.9014 105.3748 99.7135 101.2971 107.8667 97.8118 98.8977 108.0669 90.4006 93.0845 125.6639 95.0813 98.2556 81.2884 98.6879 113.4580 93.4818 100.7206 89.9317 108.9772 91.9859 112.9397 94.4789 96.2569 101.4374 107.2680 98.1376 96.8946 112.1411 111.5203 103.2922 97.1992 91.1888 97.7618 106.2732 99.1901 108.1451 106.6855 86.3207 106.9118 88.8891 98.5122 102.6898 100.3751 94.7261 105.9226 104.2878 101.3375 102.0355 92.2583 94.9466 105.2162 83.1353 100.7557 95.2078 77.8709 88.0910 118.0159 88.6133 80.4158 114.8022 101.5240 100.0699 95.1932 99.3878 98.4424 97.6108 86.7992 99.1715 103.7417 119.9933 91.1512 113.7935 105.2044 86.9487 80.7890 83.6705 104.4728 80.1569 100.8999 106.2769 82.9349 107.8796 108.9523 106.8057 105.4760 92.2624 95.9003 88.6122 97.4529 79.1728 86.1875 108.7060 118.4575 103.1314 102.4879 88.1593 111.8595 100.9212 90.8209 100.5055 83.1747 103.2358 107.4474 98.9276 104.1548 107.6794 93.1604 109.3985 90.6355 108.3867 119.3661 88.4945 109.3613 77.9624 83.7531 108.3816 102.3613 88.1818 118.1471 89.4564 109.1836 104.7401 97.7425 98.6895 115.3811 86.7921 94.5055 94.0796 87.6848 120.0109 105.0302
78.2705 96.3080 99.9316 105.8853 103.9853 108.1349 82.4967 111.7795 113.3566 113.7787 115.9277 98.7198 110.5301 102.0595 98.5828 105.2816 80.8318 79.9014 0.0000 99.9220 104.3335 96.0207 106.8928 111.2298 92.7759 112.7889 107.0807 92.7536 116.5273 84.6375 98.2319 94.7525 99.8305 92.4888 107.5861 100.2119 96.2845 98.7478 97.3145 99.4653 99.7183 90.5227 102.8547 83.6284 96.5828 102.0153 74.0446 101.9768 104.1885 105.7882 118.8820 111.4519 90.1427 107.1340 111.3978 89.7390 104.6213 94.9619 108.3382 99.5007 102.9842 88.7855 85.7094 92.9069 96.3216 110.6383 94.1719 96.1349 107.0330 107.4069 102.7859 113.7175 115.6552 109.2927 106.5064 99.9256 105.7430 96.6392 97.6171 100.4393 102.3096 80.9895 100.1643 79.2917 112.0826 102.8992 88.8321 90.9134 106.7635 106.8683 93.9349 101.0091 86.8076 116.4255 99.7687 120.1158 104.0536 97.6653 97.6339 111.6956 87.9812 92.9752 89.4202 94.0290 109.4464 92.2282 94.1723 110.8234 110.8470 107.8712 79.0168 105.7794 88.6521 103.8250 100.5478 102.1141 112.2501 103.2834 104.7318 90.4635 103.1851 108.6574 106.9972 100.8448 110.7206 111.0140 108.6864 89.5215 83.2438 115.8055 101.8641 90.6729 102.8516 85.7141 93.8458 98.3338 88.4297 100.4721 80.8012 95.6561 103.4238 104.3429 105.1765 97.8028 100.8750 77.4100 111.8030 109.2310 106.5829 103.0771
97.8719 97.6599 103.1297 84.1835 94.4586 84.5609 111.9624 77.0481 103.9347 124.0919 93.9329 102.2347 110.3806 101.5967 104.7248 112.8518 101.4411 105.3748 99.9220 0.0000 94.4138 96.5404 89.1851 114.8055 90.9691 91.7517 98.5404 96.5011 111.6879 102.1530 99.3329 104.3709 116.3498 116.5602 94.9251 84.2399 110.9517 94.7333 102.2374 112.5903 99.0198 95.6658 80.0931 96.1486 92.5349 113.6195 110.1695 98.1377 97.4717 98.1885 112.3738 91.8035 105.5201 101.5462 89.8308 97.9709 92.8864 82.0128 114.3293 103.2549 95.9873 92.8872 100.8818 106.2401 90.0772 107.9229 124.5472 109.2429 110.6840 105.0892 107.7003 88.4862 111.6680 93.8411 98.3749 90.3710 92.6997 91.8305 103.4996 93.3884 113.3845 113.6574 96.1452 92.2152 101.8775 110.4870 107.4089 98.6202 109.1204 93.0834 103.5633 107.8329 114.0020 104.1001 101.2229 109.2423 104.9056 88.7246 85.6604 135.8134 80.0546 86.5077 104.1151 98.6386 97.3189 83.2749 89.0372 97.0433 106.6263 106.9037 93.6152 85.9473 97.6558 105.3599 110.4880 102.3716 114.7356 102.1133 117.4930 102.2489 105.9138 90.8868 85.9277 110.8518 111.9944 99.4482 92.6900 101.0983 81.9831 96.1252 105.0860 97.8099 96.9420 97.7124 80.6900 112.3493 95.5136 101.8363 96.2641 115.9408 110.6706 86.9240 109.9634 92.4558 96.1520 88.4297 107.1234 99.5483 98.0977 93.4161
94.4836 90.1270 98.5212 97.5703 95.2747 90.1249 94.0796 106.6865 114.1797 82.3482 102.6272 105.6566 86.3205 98.5631 105.7650 91.4176 109.4856 99.7135 104.3335 94.4138 0.0000 91.8758 103.4056 82.0927 100.0605 102.8530 114.9907 95.5395 90.5314 101.5634 111.6087 114.6683 104.3562 88.0139 98.2746 102.6319 108.7222 96.0838 102.7776 104.0101 117.5802 86.9746 93.2891 88.4802 111.5480 101.8529 96.8514 93.7660 102.0085 88.0141 98.8975 106.6556 96.3523 110.4631 122.7104 90.8537 95.0801 95.6916 117.7530 109.5836 110.9589 95.3665 83.1057 93.2917 100.0932 94.2387 92.6018 96.7734 82.8191 88.7640 96.6276 86.3846 91.7247 111.9429 105.6155 105.2138 102.9841 117.2206 88.8237 94.1169 83.2690 113.8254 112.4816 114.8420 98.4102 93.8594 84.7496 108.3945 105.9966 85.1764 115.0750 109.8044 93.8754 90.1478 106.7488 93.2706 100.8489 117.9504 114.0064 97.3433 92.5515 104.9339 103.0584 84.6418 101.1647 97.3994 97.5260 82.2720 119.4407 105.3483 99.6545 88.6421 106.3228 104.2918 94.8697 91.4281 78.3073 92.0427 80.9787 99.4852 91.5410 104.9193 112.4516 107.6382 83.1850 90.9286 110.7079 118.6807 105.0168 79.2966 92.4252 90.2285 87.2601 100.0395 79.9324 82.8210 95.2013 100.8022 101.2337 105.3101 109.6657 104.2016 85.0925 98.2982 108.8412 102.2248 98.1283 88.6465 110.6219 99.8266
102.6344 109.6490 81.1236 97.5128 89.5349 103.7673 119.6862 95.1827 102.3058 119.2760 84.1838 90.5549 92.6665 116.1050 90.7509 96.0869 94.3626 101.2971 96.0207 96.5404 91.8758 0.0000 99.0138 104.9201 113.4441 98.6035 96.8492 93.8492 101.0375 90.6052 91.0190 99.7116 95.1877 113.7729 106.7233 97.7532 111.1598 100.9179 102.1644 108.5260 96.0339 98.4183 91.0310 114.0760 87.1669 89.1005 104.2692 86.0476 88.4240 101.4404 99.8488 95.1370 107.8059 99.7607 101.3689 102.3916 94.0034 107.1248 108.7045 90.2149 115.0607 93.2260 102.1394 94.8178 113.2535 112.9011 110.9696 104.8214 129.0757 81.3403 101.5059 104.0385 109.5967 102.5399 112.1533 97.4446 105.3928 101.9825 107.6606 95.3039 116.4948 117.6389 103.0735 91.7021 112.1196 110.8694 108.9599 91.7900 85.1535 103.4865 112.9620 101.0506 100.6395 111.2288 109.9190 97.3754 104.2131 81.9721 89.6017 119.4438 100.5509 106.1569 97.3928 115.6281 112.3963 100.3304 94.2510 85.3344 97.2256 117.3459 94.3841 104.9299 115.3938 100.9436 93.9396 80.0873 102.1187 98.6313 95.8358 78.2911 96.5757 95.4706 102.7851 89.2494 96.0052 82.6239 100.1947 102.0604 94.0273 105.3139 99.1086 99.9453 100.5046 105.3890 94.5217 87.4358 103.0620 104.6763 90.6016 101.7642 87.7155 105.9037 117.4891 106.8406 93.7087 98.5788 93.2986 87.9984 111.0297 106.0188
99.3420 76.1676 96.8889 92.0512 108.3540 98.2775 89.3080 103.9148 108.9088 91.9175 106.1242 119.8606 97.8885 93.2743 106.4472 97.3125 95.8148 107.8667 106.8928 89.1851 103.4056 99.0138 0.0000 92.1212 86.0257 105.1898 88.4472 102.3808 102.4368 86.2847 103.2631 109.8708 106.6157 86.3779 72.6531 100.7528 70.6188 106.3101 97.4271 102.8157 84.9371 91.0237 112.9478 76.9760 96.9931 87.0975 110.4836 114.5999 99.4971 111.4552 92.2121 92.6910 111.8773 119.8062 92.1286 88.5572 98.5009 91.4471 104.4189 116.2261 91.0409 87.1185 113.1958 105.3685 112.8257 109.4862 115.6389 107.0206 91.1425 108.8888 82.3585 83.7533 95.1955 89.1181 103.0138 95.9704 82.4783 87.1766 107.5364 119.6992 122.7345 91.8438 99.8571 100.3094 105.7888 105.3292 98.3529 80.5105 99.9013 92.3158 111.7555 105.8601 110.9525 103.0023 94.5098 97.0880 111.2980 109.8848 109.1508 126.9261 108.0224 83.0737 109.6939 92.1876 108.3480 94.9569 94.8030 85.2702 104.3033 95.0578 90.4345 97.7289 98.4706 95.5158 93.6473 102.6317 116.1555 118.4484 77.0426 109.7915 91.0305 91.1078 100.8247 97.9970 109.9279 111.4910 109.9388 97.1213 129.9445 102.5669 93.2780 100.0363 99.4458 101.9712 91.4279 92.6811 105.3903 101.8062 83.9434 112.2010 110.9364 93.4473 93.8274 91.3376 96.1177 103.7875 94.1645 93.2995 112.2361 94.4697
91.1994 85.5658 97.8516 82.2570 95.3348 112.7671 84.7623 96.7556 100.6823 102.6392 91.3025 94.4554 103.3316 113.2083 89.9245 100.5596 97.9698 97.8118 111.2298 114.8055 82.0927 104.9201 92.1212 0.0000 85.9064 93.3436 89.5197 99.0392 102.9686 99.9085 99.4088 107.6200 79.3907 96.1818 102.2200 89.4786 93.1065 101.4542 108.3338 97.0896 95.1832 92.9170 104.3828 99.8130 98.7324 119.1224 90.0299 95.5985 107.6620 112.3538 118.1275 108.5151 108.1287 87.7101 91.2948 95.7502 102.0595 88.7684 92.7987 102.6789 86.7255 104.4584 112.7607 94.7239 105.8116 93.9256 102.8031 103.6143 77.8127 102.5550 105.2209 108.4803 106.7809 93.8938 117.3178 107.1634 121.6497 102.8663 81.6820 104.5514 110.5758 92.0974 98.5811 98.0544 99.4015 87.4312 102.6140 108.2096 111.1569 102.9020 104.4844 99.2280 109.8614 104.1775 114.5728 110.3071 115.5051 111.7693 85.2889 100.3385 106.2129 89.5596 115.8508 92.6237 113.4978 91.7886 91.4647 93.2480 110.3977 110.9896 101.0885 99.4912 108.7454 81.6424 110.9765 103.8080 101.3083 109.9738 103.7791 113.5552 91.9661 89.3535 108.7319 83.2664 85.4337 102.0770 70.6955 100.4299 109.4468 111.3068 99.7636 115.0072 87.8420 115.7672 99.9828 104.2328 88.5842 84.0625 107.1150 107.1981 86.7456 92.4819 93.3581 95.6278 96.7318 125.8832 95.2949 89.8930 95.8806 104.5077
98.2950 121.1530 109.5777 87.3071 82.3539 100.7870 98.9142 106.7349 91.6186 108.5110 114.6812 76.9851 96.9557 102.7059 88.0456 91.2885 99.7077 98.8977 92.7759 90.9691 100.0605 113.4441 86.0257 85.9064 0.0000 88.7301 107.6951 109.7582 84.4883 100.8023 100.3784 106.2234 109.0498 110.9598 101.0536 108.3781 105.6301 102.6523 109.6929 96.5008 94.6967 100.1528 85.0082 83.6682 100.2276 108.1530 84.1119 96.1885 109.3660 93.4051 106.2558 101.7324 92.7682 107.6252 94.2218 106.6685 117.7091 112.3022 105.6913 116.5512 101.3882 112.4610 86.8733 102.0375 102.1875 99.9700 102.8179 108.2186 94.2155 94.6464 94.3678 106.2720 98.6584 93.8403 107.9945 101.8364 112.9798 104.8056 113.4755 108.7612 119.8276 98.4001 100.2419 108.6762 92.9623 95.3108 100.1135 94.6430 106.2535 89.8303 108.9372 108.8050 107.3128 98.4872 90.4989 80.6559 93.2392 96.7746 90.5205 78.4879 98.5549 93.1968 91.4055 92.4162 94.6419 102.5495 107.0337 119.1967 92.2031 95.3515 112.6388 109.3813 89.9039 92.3681 97.4305 97.1514 101.9226 101.5463 100.9688 102.2860 105.3556 95.9448 75.7400 111.4880 105.8522 98.9296 106.3390 112.3047 99.4997 89.3249 93.8339 108.0769 104.4328 93.6952 90.4269 111.3283 90.4644 87.7072 97.4734 108.4917 100.0178 99.0903 105.2599 97.0420 87.6565 98.4781 100.0361 100.5881 92.0015 96.6085
91.2024 99.8577 103.0881 101.7075 90.9415 93.7960 105.9935 86.3897 110.4246 90.3934 98.4569 93.8499 103.6411 107.4859 112.6639 89.9178 87.9095 108.0669 112.7889 91.7517 102.8530 98.6035 105.1898 93.3436 88.7301 0.0000 97.3336 107.2567 110.4946 111.0067 110.0519 83.0702 91.5445 110.0669 90.4512 101.1211 91.1827 113.3820 91.2252 110.7595 98.3694 126.7596 108.9596 107.4502 105.3806 105.2179 97.2847 93.1473 96.6849 95.9989 110.4623 93.9427 91.2635 95.9868 104.5333 106.3205 103.8709 111.3641 112.1337 107.4508 92.2654 103.3912 83.5995 98.7915 84.3406 118.0347 94.4880 93.3683 102.7082 91.4025 103.4462 115.6923 105.9309 97.4784 116.8671 111.7427 107.4414 110.5406 102.6061 99.2485 108.9554 66.1689 107.3120 109.1231 96.2966 104.5335 124.0988 99.9494 88.6427 100.3956 99.7535 92.4347 102.8627 106.1586 104.7744 98.2805 93.8220 86.6584 109.2446 94.3396 95.6133 92.4703 87.6444 89.5290 107.2491 90.8672 99.2032 109.0673 116.5876 100.2081 104.5546 95.3045 90.3607 102.9185 99.3067 97.5861 107.0530 112.6884 104.8546 101.6547 98.2580 85.9158 109.8052 100.4499 87.9383 103.1677 92.7877 100.8798 93.6103 94.8488 105.3338 92.7698 93.8345 94.1870 98.0921 98.7296 93.0434 89.3529 98.6844 100.3219 94.8983 82.0131 98.4009 97.5125 69.5984 87.6216 108.5654 102.7563 91.5334 94.6949
99.2874 90.8801 76.2127 95.9798 96.2981 125.4293 91.9733 104.5990 83.7183 107.1821 102.0595 101.1167 111.4326 85.6224 111.7039 101.7350 97.9966 90.4006 107.0807 98.5404 114.9907 96.8492 88.4472 89.5197 107.6951 97.3336 0.0000 95.1214 109.3153 100.0822 102.0503 99.5309 102.6132 119.3018 103.9474 96.4288 109.0011 97.3412 74.8546 102.8706 95.4008 109.9693 93.6730 104.5873 122.9793 106.7669 109.7077 90.4833 84.6823 96.2881 89.5330 89.4495 99.4928 92.2553 78.6297 100.7058 89.4004 86.8495 104.0636 93.3124 98.0337 91.9017 99.7993 107.0855 91.5379 98.1099 91.9448 93.0357 108.8541 116.3197 92.0691 105.7940 122.0639 98.0895 101.2059 90.3826 88.7368 112.0153 113.6144 105.6115 111.3846 94.1761 104.8258 111.4721 110.8779 87.6055 96.8322 111.3651 101.5231 104.9134 109.2903 100.4805 100.5755 92.9560 105.5517 106.5014 85.3959 86.0781 88.4000 103.9094 109.4388 107.0067 75.7915 110.1091 108.2485 102.7853 102.4722 92.6940 111.6027 110.0732 84.0194 119.2205 104.6815 110.7749 107.7634 90.6965 103.1653 96.1896 93.2788 89.1390 102.9826 98.1312 100.1515 85.7758 108.4690 95.8801 103.5428 100.4796 89.6235 114.9364 103.9839 100.8351 106.4142 94.5726 95.1517 88.2348 124.3295 108.0131 107.9479 98.3369 109.3710 97.3668 98.4777 110.6299 103.9395 104.4977 119.3862 98.7379 124.8881 96.1588
96.8099 105.8899 85.3325 92.4078 103.2970 103.0317 95.3715 93.6079 88.8284 92.3041 94.5688 93.5885 103.2650 101.3549 102.7406 94.8749 111.6989 93.0845 92.7536 96.5011 95.5395 93.8492 102.3808 99.0392 109.7582 107.2567 95.1214 0.0000 92.0390 113.4356 98.1841 107.0677 122.4484 104.6898 101.8518 112.0196 109.1779 89.4823 113.8469 109.5246 94.5400 89.3553 93.3125 107.2048 105.2580 115.0926 90.8270 89.2447 111.6515 97.9088 97.9830 88.1283 101.7452 99.1692 109.7982 98.4639 80.7291 98.0088 94.2301 74.4571 81.9637 87.0588 111.7639 111.2655 100.1368 100.4721 101.7187 102.4593 107.7006 109.7217 100.6883 98.0432 109.4119 100.6538 118.2845 96.4117 81.4895 113.6706 96.1776 85.4201 102.8030 104.5540 91.5660 110.6289 97.4219 110.2391 97.5641 119.5800 87.0324 89.4201 97.2457 92.1829 116.4148 111.9428 104.3338 100.1794 100.0568 107.4652 108.0737 89.1931 93.4756 108.0366 115.6696 102.7533 102.3039 85.4607 94.4212 112.5030 107.5694 101.4501 89.6163 91.3381 97.6413 107.2039 93.7975 88.7821 93.8215 94.2098 102.0037 103.0123 105.2559 91.3156 99.3541 100.1813 85.3112 105.8434 101.0522 91.7274 112.4093 89.6041 82.9802 91.0492 109.9557 97.8077 95.1065 102.1551 103.4933 103.8144 107.2085 99.5279 98.7961 89.5370 117.9271 106.4699 85.2823 103.2051 104.1056 98.5240 89.9077 76.5846
87.0428 107.7738 96.0374 92.7525 113.2884 88.8400 80.9839 102.6063 105.7827 89.0373 110.6334 108.3997 122.6375 105.1874 91.5427 81.5476 94.9769 125.6639 116.5273 111.6879 90.5314 101.0375 102.4368 102.9686 84.4883 110.4946 109.3153 92.0390 0.0000 102.2897 98.7193 109.4480 89.3184 97.3193 94.8401 84.3941 102.8865 88.4161 82.9039 107.8039 104.8885 80.0464 97.7236 88.7442 96.5387 91.4430 109.5036 95.5130 101.0538 87.0383 104.9149 75.6123 97.2427 112.6574 96.3969 108.2901 98.1396 112.8127 94.0571 96.6786 117.7240 114.0748 98.9967 104.9390 84.2531 110.2087 82.7848 109.6842 118.9587 101.3250 98.1827 101.1145 100.7096 107.7747 97.2882 88.4005 86.5450 112.7102 101.2271 122.2655 87.0364 105.2660 100.8724 90.8457 104.6882 107.3282 86.4577 94.8189 113.9470 101.5995 97.5079 103.6705 93.2026 109.4847 92.2572 90.1812 110.7776 109.3980 86.8594 95.5649 98.0918 121.0289 111.6773 93.9756 94.3121 93.9830 94.3712 89.9533 91.5476 99.9087 92.7169 96.9205 103.0124 108.9525 91.7856 95.1515 112.8888 124.3039 105.3893 98.6151 110.9198 89.8334 104.6470 101.9064 86.9010 107.5995 101.1923 112.0355 114.4768 100.7229 104.7330 99.4810 112.0943 104.1636 105.1972 82.0090 84.1488 101.9912 98.5456 110.1658 111.7869 96.8662 92.3480 107.9597 103.8776 109.7225 93.9214 80.4960 98.8478 102.9308
109.9494 109.5964 97.9017 102.5802 100.7754 88.1052 113.0649 118.1919 89.9512 100.9462 87.1852 86.7540 116.8890 102.3142 109.5594 100.6984 101.1142 95.0813 84.6375 102.1530 101.5634 90.6052 86.2847 99.9085 100.8023 111.0067 100.0822 113.4356 102.2897 0.0000 90.0238 100.4554 89.8908 85.2168 81.7680 88.4864 101.8465 99.6268 112.5237 88.2590 107.6671 92.8979 103.9146 109.8640 101.5523 124.6373 110.0919 103.1472 102.5998 85.0916 108.4660 126.5950 98.3522 98.4634 97.9281 112.7546 108.1015 80.0525 114.1189 86.3497 96.4869 84.6794 102.5308 113.2951 108.7506 112.1973 116.6445 105.8597 108.4453 119.2312 88.8727 103.7387 89.1865 98.4402 115.2127 114.5492 98.2414 96.9376 102.0856 104.8577 107.2260 98.6510 99.8076 105.0042 99.3511 101.1984 101.9710 106.5686 84.9185 111.9426 88.4094 96.8175 98.9317 111.7687 102.7602 99.6916 93.3557 102.3522 108.4524 94.7471 102.6593 111.1360 96.5685 111.3193 113.9675 93.9410 113.5342 108.2510 108.3864 110.1739 96.7313 85.1586 95.8496 107.9313 106.3741 110.3149 97.1282 97.5267 114.5297 110.0919 90.3924 106.8835 107.0448 103.3393 101.6367 105.8103 78.7472 83.1863 87.9944 103.6063 102.6369 89.2830 95.2611 116.2721 100.6895 109.6684 105.3734 114.5011 104.9520 130.6880 107.6897 112.5306 109.1474 112.0665 75.8044 93.6690 113.0126 94.3789 84.3325 111.1920
106.1980 88.5911 91.9321 80.0574 98.5781 113.2378 91.0674 100.8309 110.7830 96.0027 96.9390 110.3602 98.2562 130.4779 103.6265 88.8515 80.4373 98.2556 98.2319 99.3329 111.6087 91.0190 103.2631 99.4088 100.3784 110.0519 102.0503 98.1841 98.7193 90.0238 0.0000 115.3142 95.7066 99.7898 105.4796 107.8226 87.4768 99.6208 108.2320 93.6235 72.4870 100.8583 108.5003 99.7590 86.0106 93.2192 105.6447 91.0602 100.3722 101.3642 91.8435 102.4462 98.6005 87.5527 97.5533 96.9533 101.5543 100.1253 97.8485 98.4853 84.7089 97.1316 94.7708 105.2615 100.7986 101.2927 97.6573 103.6439 102.3475 119.2739 86.7975 103.8973 106.6489 108.7909 117.2837 106.2926 108.5797 94.7186 93.9235 110.4984 96.5051 92.3530 116.7929 95.4227 97.1017 101.2406 115.1007 96.4236 81.4273 106.1812 124.0825 95.3662 105.5694 107.2214 88.7409 86.0085 104.5087 105.7109 99.3097 113.1221 93.8457 90.2477 99.9965 98.3888 102.6728 108.2373 104.6291 94.6594 96.1497 96.2559 111.5755 85.3871 109.8167 111.3990 118.6281 95.7318 103.8044 101.7526 124.8257 104.8304 104.7066 84.5902 109.9381 96.1827 114.9106 107.2371 98.5587 96.7176 85.4100 90.5208 101.5437 94.7943 98.9396 98.9910 89.9777 105.4172 115.0179 104.5401 105.6594 105.5225 95.1110 80.8241 111.4770 85.8900 112.8820 101.1770 83.6433 105.0317 112.2022 110.0608
