200
0.0000 95.4172 93.6724 75.7184 109.4258 109.5362 88.2215 96.4323 99.8891 110.3674 91.0398 97.9961 98.6061 85.4061 110.0875 88.8952 113.2170 99.5496 92.4458 100.2620 103.1377 99.8535 110.8377 79.9316 99.4538 98.6607 115.3600 91.9368 88.3271 109.2199 115.4344 114.9414 103.9347 95.1045 116.4985 99.6365 82.5533 111.8518 98.5627 93.9486 92.7308 96.9951 121.0320 85.9506 95.5288 100.5695 103.1515 88.2216 90.2778 107.3346 113.2441 102.8945 94.8692 104.2666 95.9140 105.5025 91.8832 92.7798 98.6219 99.2357 96.0454 80.1242 102.1656 86.0658 117.0871 110.4997 109.1631 124.6542 104.6704 92.4777 116.2677 118.0635 101.8370 103.4116 101.6132 101.2945 96.2998 91.8543 98.1035 96.4301 113.8176 98.2117 85.6240 117.5313 109.2391 113.1176 92.4984 104.9809 107.5098 104.6006 111.5593 101.4835 94.2695 85.9785 98.2094 96.9232 124.3036 109.1355 94.2294 103.3258 99.9589 105.8598 107.2100 108.2865 106.7758 98.3058 93.9080 103.2863 104.1141 92.7753 107.9385 97.1512 88.5337 93.0389 102.1327 113.4024 102.1461 107.2779 92.2919 101.1385 108.8107 91.4887 97.9670 100.6042 114.5548 91.1293 94.4186 107.7738 91.6588 112.4295 118.1437 106.1978 98.5304 95.1855 103.8411 97.5042 98.0903 116.7487 110.0916 86.9395 104.4835 98.9638 85.4338 95.8283 92.5493 116.0138 102.7440 118.1098 102.6595 94.0143 113.7687 93.6979 103.9979 109.5690 107.5057 107.4857 99.2342 79.9783 108.6871 100.6874 99.0273 99.7412 93.9425 91.7416 101.1022 107.8133 96.3125 95.9253 94.1344 115.3166 98.6844 113.2427 111.7944 108.8417 104.4802 101.1461 112.5890 102.3695 80.1468 128.6104 101.0812 97.2430 99.7378 104.0907 96.4912 95.4888 99.3568 102.5566 100.2762 86.1244 107.4639 111.3988 112.2237 120.6013 103.2874 99.4650 88.8163 111.4758 96.5856 113.8956
95.4172 0.0000 88.8365 104.8378 95.7070 116.1108 113.5867 97.9267 96.5135 111.0433 100.5384 114.4845 96.9035 100.2823 102.5500 96.5107 97.0898 96.7566 96.1277 94.6567 95.6507 115.2544 96.0190 104.6413 95.5374 83.7819 118.2686 109.0632 106.5545 94.0126 90.5035 86.3177 98.6518 112.6141 120.0921 91.2716 102.4240 86.5577 100.0786 92.1092 114.0850 82.4173 81.9339 93.6691 104.6403 108.3512 101.4501 91.5693 94.2038 85.6387 100.9890 102.2254 86.8748 92.0170 90.1798 102.2770 108.1369 96.8023 101.4788 98.5659 91.0032 95.9831 101.4879 100.9508 91.3236 86.7836 92.6358 92.5526 112.2205 103.3900 87.8674 108.5076 105.2992 111.3681 99.4671 103.0420 93.7120 98.0096 107.3038 98.9711 98.0572 109.2959 87.9882 98.1079 89.8249 110.4319 117.7111 85.6655 115.2855 127.3448 91.4218 115.4187 116.6213 115.0745 108.3580 106.4270 92.2708 103.6741 113.7616 89.5038 91.6555 93.4130 103.9182 100.0817 82.4673 109.4093 100.6026 85.2408 104.8215 118.6633 100.9533 88.8596 94.4125 114.6274 93.6580 96.7110 107.7784 81.3943 86.6497 100.9077 109.0329 105.2960 105.2062 109.9901 101.7544 98.6992 97.6191 99.0818 100.0869 80.2638 93.3934 93.8822 122.3644 83.9089 99.3128 118.6239 104.0830 98.3683 95.1792 84.9439 117.3151 75.1697 100.8528 106.1649 103.2794 111.4616 109.9028 106.7372 99.3120 109.2395 92.9763 128.7217 97.7074 93.9164 94.5948 92.7186 85.6021 88.2566 106.7407 100.7568 99.6038 100.8254 93.6618 80.5913 99.3449 98.1836 113.6962 99.6584 104.1401 102.9994 92.4149 98.5683 96.8589 97.3551 100.3147 87.4348 101.6842 103.3809 89.5190 92.4812 104.1072 104.0573 88.3917 103.9300 117.0607 94.7198 83.5840 111.2880 106.9422 102.1770 104.5389 97.1478 95.9851 98.5776 83.7434 99.8467 100.8537 97.8871 121.7516 98.2111
93.6724 88.8365 0.0000 89.0871 98.2113 107.2825 113.3764 80.4905 112.4540 103.8011 116.7785 86.1322 88.4714 105.7533 90.9315 84.5105 93.4091 99.5079 114.3411 103.8685 99.9222 94.4462 91.2102 106.2983 98.5564 99.1882 113.4469 94.6412 113.2963 95.0824 126.3423 122.2759 103.5780 90.4283 111.0251 117.4681 90.2911 91.6022 94.6654 113.1847 104.1088 113.7440 97.3877 108.2157 93.7737 99.3082 92.9384 95.1076 89.8692 96.7380 96.5400 108.6514 99.4616 95.2803 92.8451 102.2945 106.9504 123.8953 103.4247 102.3321 94.9275 105.9741 94.8721 106.1708 98.9583 102.2670 96.3315 97.0263 112.8645 111.4385 83.8151 115.0887 107.0865 85.2877 99.9141 111.9871 87.1534 73.4675 82.7252 87.2060 113.4398 112.5869 93.4252 98.1851 114.0426 92.7637 113.9922 95.2519 92.2938 93.3998 89.9035 98.2052 85.6210 94.5609 101.6007 99.6260 108.6035 102.3513 103.8727 116.0469 87.8300 120.4984 87.6846 97.7790 88.4812 103.3260 104.2874 101.8239 89.2869 105.3300 108.0513 114.7723 105.1776 94.4158 107.9178 95.7796 96.2201 118.4440 86.5789 107.1955 111.0734 109.1641 82.9125 97.7965 90.5684 102.3953 108.3918 123.9536 82.4361 80.1752 96.9164 105.7336 95.2409 92.3549 113.0417 109.8113 95.6748 91.9099 96.3942 98.8688 91.7578 91.7724 98.4074 102.1698 115.5614 99.1304 91.3361 102.1752 99.9774 89.7782 102.4804 100.0648 102.9306 125.9042 97.5223 97.4399 115.1843 93.5694 124.7162 106.9369 94.9002 100.4164 94.6599 106.5482 122.1770 85.3721 83.2666 103.5996 100.5225 90.2892 84.3928 121.7942 87.9163 100.5146 93.7520 102.1407 110.9156 98.8633 85.3909 101.2176 100.4516 111.8301 104.6687 113.0295 103.2285 93.3251 84.4370 91.5074 104.2486 94.8283 107.2747 97.8763 114.2443 96.1018 103.1303 88.0024 129.3015 107.9606 95.9811 118.5984
75.7184 104.8378 89.0871 0.0000 97.8977 99.6090 95.7166 95.4389 85.5151 107.8073 92.9801 107.0569 106.7101 86.9610 103.1212 111.1438 98.6310 115.1988 118.3388 104.0530 99.3939 110.9911 99.2533 101.2911 92.7494 87.2702 93.6885 83.3102 105.3500 86.1149 100.2675 111.2430 88.7695 102.8871 94.8742 95.5799 78.5185 100.5725 94.5080 103.7652 107.2388 109.8550 98.5107 107.3609 88.1264 91.6024 102.7880 100.7300 114.5296 104.2900 78.6475 114.8091 101.5824 102.9400 105.5415 105.7855 93.7310 80.4956 100.9588 94.9846 93.6540 113.1207 82.6322 109.9759 107.5528 77.3258 108.0844 88.7826 106.2006 93.3605 113.5111 98.0502 88.9206 106.0361 105.8372 112.2571 96.3683 96.7029 98.6200 102.3982 101.7918 120.7012 99.6817 94.6155 97.7073 102.8604 80.1772 81.1558 95.5528 90.7679 95.6527 109.6079 110.5642 96.0827 105.5155 106.1621 97.9792 112.4781 99.4652 96.0660 93.3977 85.9693 104.9126 96.3154 105.3471 116.3945 102.6329 93.5319 99.6164 94.6391 98.7969 104.0814 111.9279 97.3546 111.2320 95.5312 104.4480 122.2200 86.6443 104.7550 91.6894 93.3465 92.3355 110.8957 92.2013 108.0303 110.5433 105.4617 81.2940 94.3406 102.1352 98.1275 101.2988 102.3893 108.1605 98.3462 115.5440 90.8534 100.8803 100.8444 105.7536 109.8770 89.7201 114.6664 112.8333 96.1714 110.7481 83.6946 90.0047 108.3536 85.5346 130.0999 111.1847 97.5971 98.6524 99.5036 108.4041 105.5553 98.1064 81.2717 95.7580 113.8684 111.7765 81.4228 94.7970 125.2959 95.2861 95.1061 94.6377 112.2083 94.7486 101.8258 106.3728 105.0216 113.3801 110.7113 105.6455 114.3368 103.7524 114.4933 85.4237 118.9703 82.8827 75.9720 84.4587 117.5099 115.3332 115.7869 98.4632 109.9806 94.6327 88.0129 82.7326 91.0231 82.9158 92.2120 91.4276 100.2174 101.1783 87.2669
109.4258 95.7070 98.2113 97.8977 0.0000 119.4413 102.4733 100.4133 90.6306 109.8397 84.1339 98.7802 95.2128 102.7952 92.8909 112.7862 100.8932 95.5786 90.7881 116.3298 88.2142 107.1113 118.4515 105.9273 103.4846 100.4136 94.3292 93.1374 82.7555 106.2527 94.4867 107.0277 100.9895 98.2160 94.5321 114.6751 91.1663 113.7873 99.8020 82.7893 99.3076 103.4340 101.2512 99.7402 105.7870 94.9352 96.8448 94.3969 102.8167 113.0311 97.4718 85.7366 101.0154 114.6181 83.9012 107.5628 95.7495 86.5272 101.7484 109.2634 112.7573 89.7516 79.2929 105.2564 94.0953 88.4807 96.6395 83.7768 93.6107 87.3033 90.6496 95.6221 97.9933 106.7145 85.6607 91.9292 102.1090 104.5953 96.1780 105.0122 92.9081 120.9984 101.3318 74.4937 107.7836 131.0715 102.1099 102.3927 98.8066 83.9929 106.2263 90.2193 90.8938 92.1735 83.1467 106.8859 90.5183 110.7701 102.8169 93.1624 112.0060 96.8552 102.8304 100.0302 107.6731 98.7426 89.6268 118.4635 99.2166 97.7504 92.5828 82.5130 104.5750 115.5613 88.4509 87.7416 89.7895 111.1696 109.3816 82.9641 91.6757 78.6824 110.1808 89.0771 99.1939 89.1730 93.4585 89.0254 112.0519 109.2190 76.4290 89.5662 95.4572 99.0056 82.8830 112.5965 105.7627 90.2976 109.4537 81.7222 112.2893 99.5569 116.0658 92.9049 95.1029 86.3502 84.2005 94.6524 93.7214 96.7972 92.5133 107.9398 76.7991 119.6940 107.0840 84.8962 98.4408 117.0269 105.5566 95.1540 115.0993 108.3881 89.5597 95.0977 94.6596 100.3525 120.8251 106.2888 94.7698 84.1524 93.5907 94.0041 101.0718 96.9720 94.3501 106.4567 106.9325 92.2174 104.0630 95.0882 92.8688 87.2270 110.5424 102.7290 98.8808 80.6777 107.1290 94.1740 97.8613 97.8188 100.9811 84.6774 99.9681 86.9994 104.0502 105.3928 95.3185 112.3550 105.3223 99.7586
109.5362 116.1108 107.2825 99.6090 119.4413 0.0000 101.8862 98.0024 91.6883 112.5107 109.9643 110.0099 96.0932 109.5001 112.8309 99.0248 95.8517 96.5498 111.2205 90.2314 105.5729 109.7746 105.9351 109.2613 101.3314 109.5840 100.6962 92.0464 99.0257 103.2137 89.6354 107.3948 98.9799 108.2543 100.3508 111.5599 89.7616 120.5190 100.2926 99.4247 115.5730 106.6895 95.8733 108.9905 95.9275 72.9504 100.5787 116.5388 91.2377 110.3668 100.6060 97.2279 103.8247 102.3427 118.5365 83.8753 104.4207 104.0768 111.0268 96.1248 96.5359 95.7641 89.2035 104.6375 102.6793 86.9983 111.4392 99.1660 101.0975 105.5195 113.2045 101.5842 104.1956 100.1713 93.2506 91.5738 97.7989 88.5334 93.5289 99.9755 105.0554 89.6178 103.5292 92.2576 115.1678 99.2183 118.5262 98.6917 104.4808 122.2448 85.9974 82.7708 107.7598 89.8097 88.2416 101.6518 100.6113 86.5592 92.5311 92.1307 108.9791 108.1723 83.9908 101.4965 130.2768 84.5796 100.5902 91.6558 80.8661 87.9445 94.1171 107.8388 97.5613 109.3555 106.6447 113.5636 111.7520 89.8733 91.4923 89.2112 96.0971 113.8484 107.6005 112.2681 108.7140 100.5439 95.3225 104.0981 106.1067 96.3924 98.1212 114.9208 95.6074 97.4863 99.0335 100.3508 115.1605 99.4775 123.2642 92.9342 89.2911 87.7201 99.7821 91.3746 93.6348 112.1959 102.3379 95.8030 102.2862 97.9832 93.9175 83.8736 98.2191 65.9789 99.0815 85.7913 96.8713 110.0983 101.9688 101.2784 82.5059 111.0445 102.6236 81.5660 101.9567 92.8491 73.3671 104.6653 105.3619 80.3902 105.9079 113.1682 95.6851 101.2562 110.4095 100.3457 91.6491 98.6457 97.0858 92.7136 101.5557 103.3455 101.2440 95.4102 92.5176 92.3943 115.4827 112.5766 109.4286 102.5578 101.9334 92.7430 95.8272 95.3049 85.1524 84.6671 95.9125 86.9517 93.7009 119.4734
88.2215 113.5867 113.3764 95.7166 102.4733 101.8862 0.0000 104.0173 91.0771 94.9808 99.4095 90.2409 96.5299 91.0788 103.1143 91.3269 91.7906 103.6903 100.2649 101.5557 101.4097 110.3334 94.8835 98.5018 106.5851 102.5995 121.0896 91.3523 96.2156 101.4326 117.8130 100.2421 101.2784 89.8775 98.5144 100.4143 104.8421 104.9405 102.4985 82.7313 99.4162 118.2900 116.9467 99.9849 91.8047 108.3306 112.5943 104.3816 104.7195 82.2747 98.0204 99.8946 105.6826 98.2472 87.1394 115.0013 99.3335 98.8059 97.2925 103.0492 86.7735 89.0445 110.9038 116.3754 102.1889 99.6659 90.6714 96.4259 97.9739 112.0719 82.7512 115.1539 104.4499 104.5897 110.1377 95.4495 107.4995 110.7223 120.2415 87.8094 97.9928 95.8122 92.2610 93.7575 93.5637 107.6083 98.8178 103.5190 85.3804 109.8934 104.3536 120.8143 96.9910 116.8798 101.1713 90.5783 104.6089 102.2722 104.9024 100.1593 108.5343 86.4760 104.7921 106.4406 85.4773 116.1668 110.2631 104.2087 101.3889 104.1198 110.6821 86.6547 87.3545 102.7935 84.1472 94.8293 101.2048 99.3389 80.5561 102.7858 99.1628 97.8722 100.0219 101.1884 96.7109 89.8455 98.8443 101.8899 109.0834 95.7854 88.7705 121.4926 96.7386 91.9123 105.3937 116.8726 100.1334 109.2645 96.2256 104.2674 105.3528 92.2617 93.6587 100.5934 102.1034 79.7083 100.8422 93.1620 93.0351 109.8399 97.9391 86.7766 117.7747 92.1494 98.4482 117.7161 95.6250 95.7015 83.5089 89.9998 108.2299 91.6145 77.8235 94.1428 88.9867 102.1359 93.3760 113.3797 123.4340 109.2482 121.3402 93.8328 99.2281 92.4227 89.6899 97.1026 94.9334 101.1944 85.2843 102.7890 83.5046 90.9773 92.8011 107.5827 98.8913 113.0474 98.8874 91.9812 89.5008 89.3308 117.6414 88.7532 103.3054 107.7878 114.4686 101.8591 105.6759 95.9568 100.1266 95.7505
96.4323 97.9267 80.4905 95.4389 100.4133 98.0024 104.0173 0.0000 105.6297 103.0437 89.2759 104.9520 60.9285 94.3876 109.7405 101.0504 105.1244 107.7293 105.5456 95.0331 107.3681 83.0158 101.2797 120.5253 108.3958 112.1388 114.9289 103.5213 100.6100 84.3406 101.0597 111.6996 113.5976 107.8138 103.5567 103.8843 93.4403 106.6300 89.6801 89.4504 88.8649 97.2384 94.4473 77.7188 101.5087 111.2624 90.7617 118.8345 96.6017 86.9344 91.4142 92.6611 93.3144 89.2067 94.0274 111.6602 104.2550 100.2486 102.3590 106.1388 98.9222 104.0719 110.5663 103.7092 106.2792 106.2592 98.1113 100.3799 91.8590 97.9866 104.6777 90.5351 98.6127 97.0277 97.0142 100.5026 108.7303 107.6914 101.3181 111.9825 98.2964 111.5232 109.4367 115.4519 95.6982 100.2428 89.6705 96.1673 97.0417 90.1796 99.4129 102.0632 94.7569 92.6684 94.1804 80.3872 98.9874 133.2545 103.0095 89.1664 106.6011 91.6918 108.3944 89.7728 102.0487 97.2115 105.7466 100.9630 94.3057 90.2636 91.4136 105.8958 89.3837 119.6917 93.2377 84.4195 98.6587 113.0357 90.5414 110.1491 85.1652 99.6904 92.5150 110.4683 99.5813 113.2905 76.2403 114.9059 99.8270 115.2222 116.4964 99.8927 92.7179 101.1961 108.8078 89.0466 97.3957 83.9099 98.7059 118.0939 99.3408 106.7512 91.8309 88.7644 99.4963 113.8492 93.4662 104.3898 102.0495 107.9536 73.6712 82.3296 116.0917 94.3775 105.5839 90.0397 114.0106 106.4000 89.5602 100.2726 90.8393 105.9002 112.5447 104.1520 99.3762 91.7134 103.2173 92.7894 98.9636 112.1980 110.9105 93.6321 100.8487 107.5069 101.2346 93.8367 86.0489 112.7309 104.1583 95.3449 126.3017 109.1551 101.7845 90.9967 96.1294 108.8362 104.7713 69.4078 100.6966 97.7044 103.9840 96.2885 108.0478 109.5490 83.6201 84.7756 99.6191 93.5241 108.0914 90.5108
99.8891 96.5135 112.4540 85.5151 90.6306 91.6883 91.0771 105.6297 0.0000 81.0768 90.9974 96.8793 104.0637 98.6652 93.3159 99.8788 92.1223 70.8650 98.5711 101.7138 108.5051 105.9371 105.9008 117.2081 100.1819 93.9632 108.8417 96.1548 114.8896 103.9618 95.9263 96.1365 92.3940 107.3227 105.3142 90.8106 96.2196 93.4324 102.6622 110.1275 102.6107 91.2162 104.3600 105.9531 103.6066 104.9387 101.6691 109.2591 110.0322 104.1626 86.9825 80.4667 103.9898 98.0004 100.8009 91.2558 87.2905 93.0855 92.4046 111.4124 108.6586 110.1714 91.9182 105.8661 84.4139 98.5911 100.2747 106.5881 97.2151 97.7093 90.1039 84.4997 93.6119 118.6269 99.9318 86.8152 107.7642 80.6716 96.2514 99.1107 98.0711 78.8426 103.2589 85.9252 94.7358 101.2443 97.3117 100.1397 124.3768 113.4387 102.4770 81.0279 92.4115 107.2487 91.0544 98.2372 102.6328 85.3681 106.6568 84.3397 82.3859 99.6220 104.5640 95.4249 92.8542 107.3629 109.0370 86.2024 112.2419 111.3295 103.1165 108.8928 96.4031 79.5278 96.2069 96.0394 88.1769 115.6868 104.5108 109.8479 97.0075 104.5273 90.1057 91.8187 105.3271 96.8541 109.1122 103.3596 86.1148 100.6511 108.0448 118.0849 104.2524 96.0836 105.0002 96.8903 93.1224 104.4661 91.7767 98.3881 103.2653 104.9055 100.8752 96.0425 100.4825 111.7930 93.2677 85.9832 97.3045 81.7279 102.2493 85.3692 103.4912 118.2236 95.0378 90.0586 98.2965 73.9426 100.3188 105.9212 111.6547 79.7807 106.4336 99.7450 106.6502 105.4287 113.4786 93.8010 104.2242 120.4140 99.7077 113.2037 105.1002 96.1769 97.4365 89.1315 107.0037 114.4337 100.9906 106.4596 93.4798 97.4990 103.9909 104.1871 94.3770 99.7717 116.6430 95.8755 93.9585 85.5056 89.0284 93.0069 122.9044 107.1465 103.6170 83.6417 118.2827 83.9941 104.4801 102.8256
110.3674 111.0433 103.8011 107.8073 109.8397 112.5107 94.9808 103.0437 81.0768 0.0000 97.5124 98.1339 96.4812 94.8401 86.7186 91.3308 96.4955 95.6706 111.5173 104.1669 114.5511 115.2970 92.4540 90.4082 87.6340 90.0631 113.0652 101.8060 104.0217 98.5497 103.3610 94.0510 105.5288 115.9032 86.1193 95.3479 111.9479 104.8494 101.9271 90.8319 85.7857 107.5189 96.7554 100.8451 87.2897 96.9110 106.0274 104.0902 78.4123 91.2164 98.8518 100.8265 85.9013 110.5997 105.7520 103.8630 93.8208 108.7669 100.0363 115.3367 102.9603 96.5059 81.9534 108.0935 107.2600 107.6973 92.3955 95.7777 109.6297 91.2752 101.8620 106.0089 90.7924 114.5803 106.5198 107.6916 100.5065 104.6418 76.1056 92.8098 111.9016 104.1899 89.2564 84.1525 104.0375 90.8001 110.5303 95.8015 92.8218 107.6151 109.9937 97.1656 91.8738 94.9484 98.6779 104.2404 112.0078 116.6211 99.2382 104.0256 108.5467 86.1601 115.5559 109.8872 114.7889 98.1025 81.1284 88.1978 125.4244 111.8700 93.9604 113.2239 100.1656 97.9254 103.1809 118.6522 100.9633 104.6769 94.9096 89.2649 102.7393 84.8867 90.6651 89.6416 107.3743 80.3649 103.4835 106.4547 74.5718 109.6458 86.9815 104.6050 79.5330 100.3154 111.1427 99.2846 92.0344 113.9856 99.2588 105.8840 100.6634 107.1280 78.2264 96.9217 102.4168 86.4944 113.7149 96.3492 107.2622 99.6529 101.0120 99.1272 97.0625 96.3151 106.1065 87.1375 93.2971 109.6680 110.1729 97.6143 99.1759 100.2312 101.4648 105.5658 85.8738 81.1050 104.1221 97.8782 105.6569 98.3107 111.5398 85.7785 100.0454 85.3148 89.5024 100.3699 102.5244 102.5581 96.9948 118.5557 91.1656 109.6955 86.5005 99.0439 98.7421 93.7457 97.3821 91.3192 111.5764 101.4930 92.1596 78.1794 104.2824 101.6465 111.7495 107.0875 108.2118 104.0125 86.2577 100.7372
91.0398 100.5384 116.7785 92.9801 84.1339 109.9643 99.4095 89.2759 90.9974 97.5124 0.0000 110.1205 107.2948 114.4395 89.0191 102.2505 117.3906 110.5720 94.7697 113.8312 92.3259 88.8216 89.1048 105.0554 101.7670 95.1004 102.8624 118.9058 96.5834 105.0202 89.4245 109.8739 89.7701 93.8295 93.7481 108.2668 94.3334 93.0063 125.8581 77.8662 84.4646 96.8663 104.0216 101.9531 101.4792 91.9254 91.2255 102.0035 89.1702 89.7470 88.6750 92.4476 108.1790 104.4721 117.8689 87.2263 110.6575 96.2894 104.2175 106.0379 78.7784 93.3489 113.3349 110.1231 92.7453 84.6608 94.9292 106.3798 107.3242 86.8014 90.0135 99.2649 95.7331 103.7417 98.7568 88.0074 83.5213 117.0505 80.9734 84.1943 93.9465 89.1203 100.8165 94.2967 115.3936 106.4346 105.3420 94.8522 97.2662 103.1101 108.7433 89.1896 95.4047 106.0085 93.5876 97.6298 109.0769 76.2911 95.9383 114.9776 77.4293 110.3133 88.8281 105.4804 80.2176 102.5223 85.2251 93.4745 119.0568 92.2421 100.9123 91.9818 90.3208 95.2096 112.5306 93.5885 111.6254 99.9200 104.0464 98.5029 100.9435 98.4530 101.2114 90.9467 119.1660 100.0539 88.4137 85.3064 87.0567 108.2959 94.4752 99.0566 99.1331 91.4270 107.1680 102.6019 104.5910 101.8911 89.3739 93.9955 104.9926 86.7018 115.1822 95.5902 97.5773 104.1912 70.8919 100.2063 90.8306 86.9893 85.9690 107.4152 102.0194 102.2054 99.5041 96.6573 113.1078 104.1823 103.7778 97.6161 94.5473 105.7202 88.3820 94.5086 97.2302 97.0895 117.9985 90.4416 100.6272 101.7412 109.7899 100.3538 109.6028 105.4167 105.1200 112.8416 101.1353 87.0233 109.0317 109.6159 106.8053 111.0783 94.9314 90.3002 106.1180 102.5358 102.1938 98.7793 94.5102 86.4671 111.4392 88.5095 103.1576 103.9314 92.7995 105.9282 115.4705 118.8257 100.7324 94.5728
97.9961 114.4845 86.1322 107.0569 98.7802 110.0099 90.2409 104.9520 96.8793 98.1339 110.1205 0.0000 99.6828 107.9136 106.9194 105.9444 100.2567 91.1170 98.6904 102.0719 92.0923 96.2592 107.5866 107.0703 97.7610 99.8790 90.1974 116.5506 82.0868 119.8342 97.7882 103.5126 97.4720 97.6017 119.5052 100.9467 105.8496 108.5349 106.1135 116.8069 100.3329 101.3776 92.7903 97.9113 97.2984 107.4916 99.5700 110.7964 98.7725 92.6203 106.5921 98.4562 118.4117 93.9595 114.8705 98.7330 105.1845 94.5372 110.3010 79.7983 93.7045 97.8831 113.1730 102.2429 89.5318 111.1887 96.0623 92.5705 103.4780 111.9666 96.6013 121.3114 93.7707 92.8145 98.7991 101.5319 87.2980 102.0966 90.5673 98.7883 100.5359 94.7253 106.8538 102.3679 110.8184 99.6952 88.4960 92.6780 115.6775 107.9180 88.7747 108.7197 107.8310 102.2678 91.3969 97.2001 93.3293 97.9727 102.9182 92.0052 100.3829 85.5652 95.5622 109.5651 87.7858 108.9994 97.7585 91.6922 87.2376 106.5079 86.7109 107.4092 101.1764 116.8336 101.5749 107.1243 99.7412 88.4092 82.1669 99.6902 93.2167 115.7318 95.5778 97.9323 103.5753 104.3295 93.5105 98.0117 82.7679 94.4060 97.3881 100.8716 104.5948 102.1856 110.1220 82.4149 94.3207 107.5767 98.6000 96.0961 109.1530 110.5755 99.7548 87.7380 105.2534 108.6402 98.9507 110.1326 114.3307 96.4533 97.8480 107.8436 96.2324 115.5125 97.1936 110.2071 83.5002 97.6467 97.2868 117.8080 99.7422 110.2706 90.9430 101.5825 69.2556 103.2107 98.9139 109.7859 106.9653 123.5834 108.9827 90.9378 102.3442 91.1799 103.1459 94.7165 112.4974 113.0040 98.7009 89.6270 91.3912 80.3884 85.0686 90.6752 102.1650 107.2892 103.1044 88.3375 117.4601 98.6786 96.0920 90.4219 74.9842 99.0099 92.1048 97.8181 118.3621 92.4179 100.9234 78.0901
98.6061 96.9035 88.4714 106.7101 95.2128 96.0932 96.5299 60.9285 104.0637 96.4812 107.2948 99.6828 0.0000 105.0179 110.5825 73.0505 112.3272 89.0300 82.0360 121.1138 94.9091 86.8171 101.2141 99.7970 77.6624 99.9399 101.3977 93.8946 104.1283 106.7785 117.1646 111.2323 112.1012 115.1658 108.4317 106.6668 111.8779 105.9544 91.3384 84.2255 91.8229 92.1477 94.9089 97.6508 89.6553 92.6844 98.9945 87.4092 109.3162 87.0683 89.7720 101.6174 104.4153 96.0767 102.1283 91.4113 103.1741 101.1828 116.1394 94.1320 107.6958 83.3250 94.8469 112.4178 113.4339 90.1338 108.0743 109.7574 94.9071 97.1289 108.1529 89.4163 92.6223 104.2117 92.1590 100.9937 115.1043 103.7798 93.7245 86.4192 119.0704 110.0302 102.4813 89.9717 113.8693 117.0688 87.0318 96.6020 100.1419 109.0907 100.1261 91.3271 98.6601 86.6685 100.4242 101.3791 106.6536 113.8500 108.6194 97.5648 109.8576 100.0611 97.5291 102.8625 125.4123 119.4101 85.5729 109.6848 98.9131 106.9856 87.7941 100.0951 93.1413 106.1550 99.3684 98.1479 117.7261 90.6012 84.5986 70.6641 91.5955 106.0571 83.9474 130.0368 108.3814 84.8854 113.6706 100.5682 92.8182 99.4398 117.0226 117.4636 100.0896 84.6276 102.5912 111.9116 95.8379 96.9206 82.1015 110.8255 94.5573 107.9092 89.0615 114.1496 101.2334 104.2664 88.4346 106.0109 96.4975 103.5161 92.9433 113.6241 88.2783 96.7956 106.7850 105.4981 120.3719 103.6716 109.8905 104.3693 87.8176 95.4863 91.0340 117.1052 114.8965 107.6538 89.6178 99.1216 115.0542 101.2198 85.8035 105.7342 91.0444 108.3796 99.5853 99.7893 103.3070 101.4329 85.8428 97.8636 92.4639 70.5312 94.7971 89.4715 89.2721 84.6269 110.8611 100.5480 103.7861 98.2231 112.6672 108.2620 90.4379 99.1631 103.7781 100.8524 94.4072 95.5359 113.6968 113.0516
85.4061 100.2823 105.7533 86.9610 102.7952 109.5001 91.0788 94.3876 98.6652 94.8401 114.4395 107.9136 105.0179 0.0000 87.9072 118.5604 108.1067 104.8053 110.6755 112.9172 96.2325 103.6222 100.9165 101.6799 105.2028 88.8930 91.4130 88.3352 101.5403 95.6852 76.0384 100.7263 83.8852 86.7821 105.5552 113.5429 95.2575 110.3265 95.7510 105.6181 90.6922 94.3906 102.4653 99.5717 106.0733 93.2642 103.7424 92.5808 92.6663 100.0290 97.2728 94.0347 94.2559 102.0471 91.8507 99.9637 86.9429 105.8061 87.7554 90.7690 102.7603 115.3973 96.8693 98.7629 84.0456 108.9045 111.0898 90.6180 102.2651 109.5695 115.2438 81.3001 93.4291 91.2904 92.5403 99.1424 85.6782 99.4318 94.0208 112.1825 108.8901 102.8936 108.9813 100.5319 108.0786 96.6409 110.6037 93.0836 110.5437 101.0647 91.2744 110.0570 93.4338 94.6831 111.5804 98.3296 105.8049 118.4658 112.8920 105.2836 96.9486 107.3821 99.6155 104.2980 101.9119 83.4041 99.3537 95.6945 102.6424 107.7497 104.2034 102.0181 94.4287 114.0688 104.2199 109.6010 105.9499 95.2359 105.7520 93.2741 108.1827 100.7684 104.6023 122.7780 111.5601 79.9914 95.5181 85.9562 111.6098 96.9665 100.9625 93.5831 96.6688 84.2902 89.3954 106.3726 95.7988 116.9788 88.2995 106.1487 93.1668 81.9590 118.3884 94.3007 86.0242 104.7127 94.9096 99.7574 106.1720 110.5057 98.0014 110.6756 96.2993 95.3269 116.2752 86.4719 106.5703 107.6422 81.6903 111.5973 94.7626 88.8263 99.9907 97.5344 103.0948 91.5208 103.2343 91.9232 106.8022 103.2967 95.1315 101.1860 112.0776 91.2270 86.2558 116.3581 121.7682 90.8190 126.2964 110.8441 96.9701 93.0420 106.1088 105.2817 93.4620 87.0084 91.6016 97.3819 102.8169 105.9415 110.7131 90.4421 117.9275 103.7507 105.6522 108.0848 101.4642 105.6285 83.0148 86.1969
110.0875 102.5500 90.9315 103.1212 92.8909 112.8309 103.1143 109.7405 93.3159 86.7186 89.0191 106.9194 110.5825 87.9072 0.0000 104.5750 87.2222 83.0829 100.7958 95.7690 100.3895 86.2377 101.5263 102.2657 92.2503 101.2085 109.8946 89.6561 93.4931 87.2966 90.4999 103.5838 94.7368 104.5806 86.9575 121.8926 87.4744 84.6971 86.9877 96.2840 104.1858 98.7626 119.9964 97.9170 85.4742 99.7096 106.7948 83.5121 101.5106 104.6381 90.6517 100.3452 90.4159 114.5258 98.8678 100.4016 76.1756 95.8017 104.0451 110.1960 103.1652 90.2254 111.7830 86.6750 97.7796 99.9480 102.2489 110.7243 115.4714 101.7839 101.0795 94.6475 116.3867 117.3298 96.7969 85.4988 107.7881 91.7906 89.0417 94.3185 102.2662 116.9745 116.9937 95.9663 96.2964 104.9330 89.7693 88.3519 118.0115 84.3703 108.4730 96.4922 104.1675 95.8026 121.7826 89.6964 96.9248 79.8429 104.4432 92.0350 109.4125 108.0928 114.9165 107.0136 84.2422 97.1840 86.8479 89.4796 107.1975 96.9459 100.9694 103.2217 91.1890 92.8814 90.9457 94.7366 100.0030 104.3511 87.9563 89.9400 85.2064 113.7049 108.9850 97.6697 107.4870 109.6362 101.7344 94.0125 118.4369 101.2791 87.5269 105.2944 120.6539 88.2640 89.1114 110.9791 107.3703 87.4710 94.0336 89.4340 106.3794 104.7665 95.9105 94.8272 104.7044 91.8271 100.9896 111.9587 109.5957 101.6404 111.2410 97.9137 95.7916 85.9955 106.4033 108.8446 103.6123 98.5313 111.8925 74.7093 97.5449 77.9702 85.0152 109.9409 102.9620 105.3382 105.5606 103.5856 115.7656 107.4181 97.8137 104.6022 108.1440 106.1365 95.8077 96.3970 89.6922 97.8381 110.7678 101.9400 88.4508 79.6508 107.4583 90.3153 91.4233 102.3425 101.7161 102.3987 93.0043 100.0102 105.6101 100.6843 79.1611 92.8803 100.5347 106.0205 106.8572 98.5058 103.7875 97.1151
88.8952 96.5107 84.5105 111.1438 112.7862 99.0248 91.3269 101.0504 99.8788 91.3308 102.2505 105.9444 73.0505 118.5604 104.5750 0.0000 105.3325 92.1198 93.0400 70.9712 111.4789 114.5447 100.0837 106.9701 115.0840 125.0093 107.0335 99.0238 103.7648 98.7038 88.9395 94.5826 78.7180 100.2460 98.7219 115.7110 97.3853 119.3618 105.3637 109.1143 89.1188 104.8073 97.1750 110.3746 101.9208 97.0161 94.0779 103.9537 95.7589 100.2488 103.9050 110.7696 106.9938 100.2842 108.8365 91.7251 106.4117 86.0233 99.3110 110.1858 83.5000 114.9885 97.9002 100.1221 103.8185 104.9775 117.3893 109.1364 85.3461 86.3081 100.8094 105.1140 108.4168 111.7833 106.0921 101.7555 82.8029 92.1095 111.1332 114.0308 101.8390 116.8146 105.0335 88.5838 100.4301 80.8928 113.5725 102.4975 103.0207 95.8483 113.3762 91.6045 98.8074 81.6958 111.2142 93.7137 95.1827 107.1166 85.6137 96.6251 104.0970 97.2434 78.2885 110.3611 89.9934 113.6717 88.9782 90.5704 96.3755 106.9085 88.4396 98.0708 85.9399 114.9532 103.7687 96.1997 100.9578 86.5258 111.7264 90.2013 112.8880 92.9139 97.5925 97.3350 107.5363 105.5325 106.5042 90.4628 104.9955 96.4706 99.4306 109.2298 111.9628 97.7661 117.0991 91.8542 114.4360 86.6964 106.3433 97.3646 103.9379 89.3886 105.2629 112.9961 91.2616 89.8248 102.0125 104.5109 97.3135 92.0814 98.5062 113.0198 102.0216 93.6493 107.7415 105.4119 84.3617 79.0981 105.9559 106.2730 99.3094 106.6945 115.9957 105.7093 106.4226 111.8924 97.9450 95.7828 99.6627 102.9869 96.3983 111.9862 110.8865 100.5995 114.0074 112.6549 107.4685 103.5660 101.2467 86.3051 85.3437 110.2573 98.4498 107.7022 114.1379 108.9967 103.8040 95.3255 94.8350 102.5164 99.2489 108.3630 105.1191 82.7553 103.5819 97.6297 113.9912 92.1354 118.9042 99.4948
113.2170 97.0898 93.4091 98.6310 100.8932 95.8517 91.7906 105.1244 92.1223 96.4955 117.3906 100.2567 112.3272 108.1067 87.2222 105.3325 0.0000 94.5398 101.9155 97.7631 83.4741 100.6863 85.9128 105.8976 87.4399 106.0287 95.8555 93.8370 102.1689 104.9521 107.5937 98.6702 102.1394 107.5850 124.7921 99.3546 86.6400 100.6791 98.1562 97.8514 97.3983 95.9443 98.5638 96.4657 90.5044 101.2366 80.6717 116.0944 108.9737 107.4533 112.9558 89.3007 97.3076 105.5219 93.6837 85.0514 107.3918 109.4403 98.7395 94.7096 87.1149 112.2621 90.7995 87.7326 87.6589 105.4703 94.6799 90.0471 86.6185 84.9775 129.3746 85.6261 101.1777 88.6583 70.7420 85.2300 106.4177 108.0571 110.7794 101.8167 95.3165 111.1053 94.4853 110.4837 94.1393 111.3736 103.2473 108.8152 92.6947 101.6834 107.6015 90.2279 108.2348 96.5851 90.6055 103.7119 87.6212 116.9184 79.7587 97.8086 104.4828 89.4561 101.1300 85.4033 84.0970 120.2981 118.0993 95.1441 80.2545 99.2630 111.2273 85.0179 96.2663 101.1558 113.8513 96.8044 102.6905 103.2177 102.7692 106.8023 115.4951 76.4550 98.1818 106.2467 102.3399 111.0170 111.6910 93.3496 103.4929 111.7214 88.2228 92.6897 104.4654 101.9374 96.0949 112.6192 103.5791 108.3198 96.3994 96.5526 87.3622 82.9310 104.8843 102.5421 115.3168 103.3827 95.7109 95.3530 111.3384 89.0552 93.1103 113.7404 86.6487 107.5774 97.0482 89.1750 86.4655 88.5185 76.0926 94.4505 121.2415 84.4123 107.1547 111.5120 92.4689 110.8437 109.6185 118.0190 102.8567 102.5366 104.8483 94.2695 98.7214 93.6862 107.2590 104.3098 112.4535 99.8133 100.8082 112.4486 85.9283 119.8591 92.0743 102.9618 99.5181 85.6668 109.0000 94.8595 94.5034 95.5256 96.3905 100.7173 92.3335 71.2089 99.8972 105.9069 99.5940 102.4952 110.4640 92.2307
99.5496 96.7566 99.5079 115.1988 95.5786 96.5498 103.6903 107.7293 70.8650 95.6706 110.5720 91.1170 89.0300 104.8053 83.0829 92.1198 94.5398 0.0000 91.1433 96.3841 106.2823 93.2909 111.0062 105.1476 99.8007 91.3969 118.0287 108.3333 105.5324 115.1625 105.3022 100.2151 107.3560 103.6185 107.7065 102.6772 87.5092 131.5995 105.3263 91.5504 92.5692 103.7243 103.9506 102.5266 103.0759 101.8469 91.4849 114.6450 86.2652 96.5354 102.7288 110.8542 105.8602 107.7188 89.5519 94.4177 90.0939 109.4110 91.0245 104.1715 104.3113 98.9764 108.0560 95.9371 101.3152 106.6377 109.0987 101.9887 95.6350 86.1305 103.1789 103.8708 93.8074 87.4252 111.0043 101.8954 91.3645 104.1980 76.9673 89.5483 111.4716 90.6292 109.2454 92.2414 99.0817 112.8676 89.0892 100.7986 83.6939 88.6915 98.6107 86.8642 105.5315 99.0339 90.1996 101.5338 118.1079 108.7394 105.2179 90.0481 115.1529 110.6193 87.1686 84.6745 103.4345 98.9359 98.0374 110.4548 105.7561 80.8464 92.4881 88.2131 100.2463 101.4194 98.7078 110.8011 116.1029 113.9109 103.7564 89.1955 107.6734 113.0093 99.8563 94.3272 95.3294 102.9758 109.3262 108.1792 94.3199 95.0799 101.2948 96.9016 96.8440 101.5784 110.8279 118.6063 106.3105 82.3094 93.9522 110.6520 102.2928 97.7971 106.8161 104.4232 87.1362 111.4516 98.3699 96.6949 98.5779 118.9603 108.5974 80.4923 84.4295 110.4824 91.4052 102.6701 111.9728 102.3378 107.0414 95.5886 110.1317 110.8610 121.1291 96.7595 104.7793 82.5992 88.7425 96.2380 78.6288 111.5570 93.2896 115.3295 94.1303 96.7903 103.7308 106.4277 90.2167 88.8546 93.2147 100.9762 107.5226 99.6549 103.0825 98.0458 87.6759 92.3318 108.9323 83.8357 98.4515 94.6145 93.2978 104.8613 104.7796 122.1873 99.9017 91.6785 91.8519 92.2899 111.1702 94.5317
92.4458 96.1277 114.3411 118.3388 90.7881 111.2205 100.2649 105.5456 98.5711 111.5173 94.7697 98.6904 82.0360 110.6755 100.7958 93.0400 101.9155 91.1433 0.0000 114.6670 100.9467 104.5881 106.8533 109.0740 96.3324 111.0189 113.7037 102.2900 92.4771 95.5373 98.0836 86.0822 92.2794 110.7207 91.2845 115.3245 85.6026 113.6299 89.5693 116.5712 104.4646 98.2617 121.1563 84.9152 95.3859 101.8747 115.7882 101.1362 108.2608 104.6181 126.4501 105.0253 103.4794 96.3344 92.2154 115.8112 105.7148 111.3651 83.6643 100.7890 87.5562 94.9274 101.4687 95.8624 84.1637 98.6277 97.1600 84.3304 102.7248 77.8835 105.3973 99.7825 91.7608 95.4258 91.6356 91.8956 101.1206 112.5109 116.0405 91.9618 79.9810 114.9436 106.6830 93.2467 100.5538 114.8774 116.8004 88.9085 102.1759 106.2069 96.3200 80.7004 100.1187 98.4673 95.6943 93.3805 108.3459 98.6085 94.4056 101.7492 85.6915 91.4679 85.3761 102.8304 102.4742 94.4981 116.5674 89.5667 91.5743 98.1444 98.8622 105.3329 103.5072 103.2643 107.5027 105.2448 95.2576 92.4374 106.4557 106.9296 74.0557 107.6538 97.1546 76.5898 97.6674 100.1729 77.6918 86.1607 91.1533 100.6064 96.0943 92.0876 83.5160 108.1789 90.9555 103.9090 90.0475 81.6902 97.8409 100.1263 94.8917 97.9547 83.1463 97.0846 100.2663 93.1529 85.5547 101.0055 88.8405 101.6867 107.7427 116.6640 113.3251 108.7718 105.2325 105.0593 89.0737 105.0455 95.3123 101.1497 86.6935 101.2037 92.3855 69.5159 90.5246 96.0813 107.7140 90.4326 89.2716 92.2961 119.3340 87.4035 107.2687 122.2946 97.5553 108.0626 101.1370 91.9645 106.2517 102.4728 91.1143 86.6989 89.6303 87.2076 107.9034 109.3613 83.9085 98.4563 105.4395 123.6122 92.9583 82.7444 104.3546 109.1212 94.5908 91.8614 112.1328 88.2594 96.2928 99.6890
100.2620 94.6567 103.8685 104.0530 116.3298 90.2314 101.5557 95.0331 101.7138 104.1669 113.8312 102.0719 121.1138 112.9172 95.7690 70.9712 97.7631 96.3841 114.6670 0.0000 80.9034 115.0546 86.9109 98.6788 113.2222 115.2037 111.3687 105.0190 105.4392 98.7505 87.4307 88.1921 91.1033 94.3352 92.7128 102.0592 116.0853 110.6822 92.1762 103.1500 88.3491 96.5009 92.5800 106.0308 101.3538 103.6289 78.1859 102.2071 77.7005 110.8747 110.6598 104.7568 114.2397 103.2471 97.0381 92.2562 105.2781 103.3673 100.8036 99.7635 104.5721 81.0395 109.0383 87.4321 88.7447 98.1791 101.7734 87.8280 96.2039 91.4519 109.9977 97.0938 94.6667 115.0934 82.8165 108.1930 95.1066 85.1849 94.8115 85.7155 116.9366 111.3385 109.4842 101.4375 97.4301 101.4597 106.0485 97.1969 102.8294 118.3554 102.5636 107.5385 99.8404 104.6933 105.7895 100.9261 95.9865 111.1057 88.9050 87.3688 95.0586 86.5503 100.6738 97.0023 112.7390 94.8737 98.0042 104.0678 94.8249 104.5209 100.6839 92.3137 91.7347 105.5569 98.1873 114.9506 103.1350 107.1175 108.6365 82.6814 122.6043 93.2048 97.6412 103.8153 109.1398 107.2850 106.8775 94.5235 101.2310 107.3275 105.7746 88.4904 81.5027 94.8253 102.5495 99.0189 120.2320 103.3693 84.1269 111.8247 107.0150 97.4596 80.8205 95.7448 102.6641 90.2891 106.6859 97.7748 103.1000 75.5016 120.0259 89.6317 103.5145 93.3844 96.4618 108.6900 90.8168 85.4787 101.1852 101.1614 98.6344 113.4879 97.5108 119.9748 118.1102 107.1764 102.6448 98.0520 100.4755 90.1808 79.4024 91.7527 92.8684 107.8424 94.4647 96.7067 96.5048 88.2816 100.2615 104.3805 103.9627 87.2267 110.0375 103.7047 106.1456 91.6162 115.9154 117.4480 104.1645 95.3381 109.1555 96.8030 96.5603 100.1973 113.9102 107.8389 90.7686 123.7629 98.4954 105.2185
103.1377 95.6507 99.9222 99.3939 88.2142 105.5729 101.4097 107.3681 108.5051 114.5511 92.3259 92.0923 94.9091 96.2325 100.3895 111.4789 83.4741 106.2823 100.9467 80.9034 0.0000 81.9336 97.0519 89.4378 112.8315 97.6359 110.8044 95.7619 104.8405 115.7533 93.0682 88.4407 98.0715 98.6702 107.6838 101.1485 97.1040 116.6824 109.6328 118.1109 91.2565 96.5281 86.8396 80.0416 79.8145 109.4340 99.9701 95.4734 116.4512 93.7239 100.2007 111.4048 110.3867 99.6490 95.9034 81.3740 95.2471 98.2224 96.2893 107.4127 78.7461 111.1231 93.1878 93.2677 94.6469 94.9479 109.9071 104.2008 86.8686 98.8873 100.3842 104.9170 99.7027 85.2099 94.2796 91.3526 99.0805 104.4624 105.7879 103.3202 100.2892 112.0423 105.3283 96.9487 99.2905 93.1720 84.1770 100.7712 95.6660 117.9337 94.6782 106.4937 104.0348 113.6376 100.6258 106.8961 102.6654 109.8260 99.2619 102.0068 100.0766 96.3259 90.1939 96.5187 102.2000 102.0505 109.6047 99.1276 90.7017 113.9934 95.6750 105.8141 107.5913 107.9335 99.5403 84.4372 108.2337 97.6743 102.6550 93.1527 77.6525 98.7570 83.3105 119.7436 93.3224 106.4322 89.7898 129.6233 107.0814 94.0223 95.9733 86.3318 95.1069 87.2228 94.0958 89.4006 96.0908 110.8765 119.1470 112.9420 106.9879 88.3398 91.3188 83.6637 115.0144 99.8336 95.9656 96.5428 95.1800 100.0553 90.9044 106.7984 119.3232 98.0507 96.7719 103.5744 95.2404 96.8520 121.2195 97.6568 93.7913 93.7763 120.9304 85.9778 103.3552 94.3067 106.2638 100.5421 106.1250 104.4059 115.8790 118.3244 101.9107 101.5216 102.6506 99.5188 97.8499 85.8981 107.2460 85.1137 107.7026 111.8307 93.7355 88.8937 85.2967 110.8426 110.8965 102.2000 107.6288 98.0400 97.4370 105.1558 86.7526 90.5217 111.4041 91.4282 102.8277 90.9877 111.7082 108.2651
99.8535 115.2544 94.4462 110.9911 107.1113 109.7746 110.3334 83.0158 105.9371 115.2970 88.8216 96.2592 86.8171 103.6222 86.2377 114.5447 100.6863 93.2909 104.5881 115.0546 81.9336 0.0000 108.3440 111.0117 114.4739 90.0275 101.4670 104.1609 94.9200 110.8583 101.9900 110.9422 97.6491 94.0361 103.7895 83.1949 93.5339 94.0683 75.7561 90.5281 95.7078 117.3961 104.4437 81.6786 100.6717 99.4527 113.6453 115.8383 104.2114 98.4477 100.6703 85.0521 88.8815 85.1621 113.1246 111.6612 98.2826 94.3856 96.4970 95.8776 92.1775 91.3660 77.7887 118.7958 88.3585 122.1220 104.0505 103.3741 115.9836 105.3139 100.9696 93.3052 97.3866 100.6413 121.9658 115.8419 98.8693 101.8098 93.7235 97.8745 100.0172 92.1544 101.0166 80.6029 92.0854 109.1082 109.3045 93.5005 108.2552 97.3600 106.2283 96.6013 110.3376 97.4485 99.0588 112.1702 103.9653 107.8850 107.3309 107.2577 102.1053 98.0692 107.4787 110.4042 90.5714 110.4823 94.3285 104.3733 105.8047 97.1261 95.3442 97.3921 92.6580 93.3617 106.9220 102.1989 97.5413 99.0815 73.0990 107.1631 108.8429 100.3013 94.7171 96.8043 94.2121 92.7557 91.8223 81.2356 110.1195 94.3763 109.7896 107.6785 108.1675 105.3475 105.8374 95.8262 114.9954 112.7216 100.5984 105.9328 98.2394 99.4608 103.2815 107.9600 121.9431 122.3328 101.8761 103.6596 99.6869 101.3598 119.7864 93.5959 87.5215 100.6426 81.1550 118.1774 96.9978 106.3671 102.8041 93.1456 91.3287 96.3569 81.4696 93.4697 88.6133 97.8416 104.9338 103.9231 103.4797 91.1106 94.8828 84.3375 80.2164 74.4915 95.5410 96.6946 106.3031 117.5947 102.8240 107.5068 116.6314 92.4985 94.1296 107.2161 84.1010 107.9390 90.7376 116.9041 104.7656 101.7511 103.0936 105.3983 95.4963 112.5975 127.0305 83.9111 98.2879 94.0846 117.6413 95.7058
110.8377 96.0190 91.2102 99.2533 118.4515 105.9351 94.8835 101.2797 105.9008 92.4540 89.1048 107.5866 101.2141 100.9165 101.5263 100.0837 85.9128 111.0062 106.8533 86.9109 97.0519 108.3440 0.0000 95.6778 118.6410 113.9561 96.9557 78.8331 104.3012 108.7298 94.7183 97.8192 100.4436 107.1853 94.5191 98.6527 102.7997 94.4587 93.7300 93.4782 98.2410 105.5135 106.2648 90.2430 104.4234 88.0070 99.7182 101.6382 102.2366 98.9955 110.2783 117.2130 110.0037 80.9940 86.7234 91.0371 102.1002 95.9665 97.9146 101.2008 101.1639 110.7792 88.2126 100.0094 89.1345 91.2384 107.3644 102.7701 104.7773 96.5491 93.0049 95.2523 101.8362 106.2567 91.0736 118.0280 114.3012 78.6007 99.5126 99.1545 107.9798 121.8321 109.2050 80.0696 114.3460 96.2154 108.8915 111.4634 109.6420 89.1137 88.6605 81.9621 112.6308 80.4956 98.9042 101.0094 113.1442 88.5835 89.8841 101.1680 87.9154 94.5015 106.5791 119.0157 93.9488 91.3858 114.1413 90.3757 95.7010 105.8280 104.2600 100.7617 98.9859 124.6185 89.5099 70.2251 97.7630 82.5762 92.8128 98.3321 98.6514 113.1121 101.4389 106.9622 92.9530 103.7468 92.3920 103.2442 78.9255 80.6028 98.1121 109.3605 90.0366 101.7666 89.6805 103.7804 102.2364 96.8294 109.6227 79.9291 100.2439 97.8365 129.9288 98.8650 91.5677 102.6871 101.5139 95.4942 94.7847 100.3075 109.3376 99.6319 61.0835 84.9066 101.7524 110.8109 109.3318 89.3007 92.1584 84.3576 102.6268 104.4102 88.9083 102.5667 96.5613 83.3525 87.0846 92.3555 95.8332 87.9395 90.5582 96.1261 100.1400 93.6452 102.3684 92.9198 107.6038 80.4895 97.6735 84.1888 92.2830 81.9567 104.2374 99.2981 103.5870 88.7946 94.8006 95.8830 101.8090 92.3964 105.5013 106.6445 105.3126 95.2653 95.1412 112.0895 78.5321 98.4009 106.6614 97.3397
