25
0.0000 110.2054 108.8561 82.0616 101.6223 111.0562 112.6719 102.8929 98.5986 109.6482 114.9247 97.5171 90.7377 91.7617 83.8151 97.1584 90.1498 102.0546 89.0230 99.1678 86.7845 94.0766 106.4656 96.6865 101.6108
110.2054 0.0000 93.8698 106.4592 83.6743 105.4460 108.2867 102.1320 86.3341 99.1094 109.1846 97.3564 104.8659 85.8680 114.2711 96.8262 97.5003 114.0495 97.9433 108.8825 108.7560 109.3252 95.4667 102.7886 91.0995
108.8561 93.8698 0.0000 99.5414 104.9677 86.0538 97.9642 111.0436 90.9838 101.8910 113.0493 108.4136 81.8175 90.6056 97.9614 102.6150 86.7325 110.7673 97.9261 90.7811 116.0016 117.2336 94.5336 88.8016 84.0888
82.0616 106.4592 99.5414 0.0000 106.2506 91.1932 96.8599 91.8522 98.7661 96.6024 90.1107 93.7367 110.4192 95.6160 114.0545 96.1236 110.1568 99.3271 91.4390 104.7407 109.1112 117.5690 83.0817 95.0693 110.0928
101.6223 83.6743 104.9677 106.2506 0.0000 100.5607 107.9559 77.3636 96.1363 116.6957 104.5062 96.3085 106.4912 113.3453 120.2907 105.7053 101.4789 93.7032 104.5741 116.8704 111.1284 112.3981 93.5420 98.2980 87.4308
111.0562 105.4460 86.0538 91.1932 100.5607 0.0000 96.1559 90.4758 97.8656 90.7441 99.7374 89.0055 96.1112 106.3302 107.9784 94.9203 109.7247 87.4132 109.6650 95.9831 107.6986 80.5936 115.6422 101.8517 90.2372
112.6719 108.2867 97.9642 96.8599 107.9559 96.1559 0.0000 98.2492 103.7050 88.7871 81.7684 110.0424 96.5182 104.1738 99.3174 99.8407 103.2224 97.5443 90.3990 113.2745 113.9078 101.3710 95.4224 108.6577 112.4251
102.8929 102.1320 111.0436 91.8522 77.3636 90.4758 98.2492 0.0000 98.7437 87.3193 90.9643 113.3018 115.6524 97.5754 97.9533 89.6821 110.7302 96.7337 112.7960 88.2291 85.6456 96.5279 103.4054 101.9460 80.1212
98.5986 86.3341 90.9838 98.7661 96.1363 97.8656 103.7050 98.7437 0.0000 93.9635 91.5418 90.6931 103.6699 82.1636 110.8012 84.7362 93.9234 76.8096 98.6529 108.5085 91.8737 97.9764 105.9983 85.6569 109.8362
109.6482 99.1094 101.8910 96.6024 116.6957 90.7441 88.7871 87.3193 93.9635 0.0000 76.9007 88.9242 109.2724 104.3755 94.6029 92.9969 98.9614 80.9946 96.3121 88.8450 89.7974 102.7195 91.4341 89.7730 104.8195
114.9247 109.1846 113.0493 90.1107 104.5062 99.7374 81.7684 90.9643 91.5418 76.9007 0.0000 101.1601 97.6236 104.3970 87.7982 97.8469 109.0383 90.0463 101.2468 98.1347 80.1248 106.0383 92.7513 98.6914 109.9074
97.5171 97.3564 108.4136 93.7367 96.3085 89.0055 110.0424 113.3018 90.6931 88.9242 101.1601 0.0000 94.4394 82.6164 98.8638 92.5026 99.0490 94.6118 100.6149 94.6636 81.7614 114.0728 108.0440 88.8756 102.5422
90.7377 104.8659 81.8175 110.4192 106.4912 96.1112 96.5182 115.6524 103.6699 109.2724 97.6236 94.4394 0.0000 107.1035 90.9556 107.5260 87.7692 92.5853 115.1546 120.3590 97.7517 85.6386 101.8712 105.1531 102.3341
91.7617 85.8680 90.6056 95.6160 113.3453 106.3302 104.1738 97.5754 82.1636 104.3755 104.3970 82.6164 107.1035 0.0000 97.0164 104.0262 120.9642 97.7961 101.1535 95.2006 113.0573 113.9521 99.2121 79.6190 95.0039
83.8151 114.2711 97.9614 114.0545 120.2907 107.9784 99.3174 97.9533 110.8012 94.6029 87.7982 98.8638 90.9556 97.0164 0.0000 102.8372 95.0814 95.9672 95.4412 91.4390 100.8710 88.1421 95.0360 112.6484 108.8598
97.1584 96.8262 102.6150 96.1236 105.7053 94.9203 99.8407 89.6821 84.7362 92.9969 97.8469 92.5026 107.5260 104.0262 102.8372 0.0000 103.2631 98.6806 97.5664 84.4331 100.4910 93.3707 112.0330 85.2461 107.5304
90.1498 97.5003 86.7325 110.1568 101.4789 109.7247 103.2224 110.7302 93.9234 98.9614 109.0383 99.0490 87.7692 120.9642 95.0814 103.2631 0.0000 100.8973 93.2059 116.8249 107.9988 68.5869 112.0208 99.7423 99.2238
102.0546 114.0495 110.7673 99.3271 93.7032 87.4132 97.5443 96.7337 76.8096 80.9946 90.0463 94.6118 92.5853 97.7961 95.9672 98.6806 100.8973 0.0000 92.3875 98.5260 88.4210 95.7881 94.4755 92.4694 105.0073
89.0230 97.9433 97.9261 91.4390 104.5741 109.6650 90.3990 112.7960 98.6529 96.3121 101.2468 100.6149 115.1546 101.1535 95.4412 97.5664 93.2059 92.3875 0.0000 97.9769 98.8457 96.5000 122.7861 103.4789 69.1686
99.1678 108.8825 90.7811 104.7407 116.8704 95.9831 113.2745 88.2291 108.5085 88.8450 98.1347 94.6636 120.3590 95.2006 91.4390 84.4331 116.8249 98.5260 97.9769 0.0000 108.7900 104.1049 109.0861 100.7039 99.1023
86.7845 108.7560 116.0016 109.1112 111.1284 107.6986 113.9078 85.6456 91.8737 89.7974 80.1248 81.7614 97.7517 113.0573 100.8710 100.4910 107.9988 88.4210 98.8457 108.7900 0.0000 107.7612 95.3657 98.2655 103.0530
94.0766 109.3252 117.2336 117.5690 112.3981 80.5936 101.3710 96.5279 97.9764 102.7195 106.0383 114.0728 85.6386 113.9521 88.1421 93.3707 68.5869 95.7881 96.5000 104.1049 107.7612 0.0000 83.0394 79.0227 82.1112
106.4656 95.4667 94.5336 83.0817 93.5420 115.6422 95.4224 103.4054 105.9983 91.4341 92.7513 108.0440 101.8712 99.2121 95.0360 112.0330 112.0208 94.4755 122.7861 109.0861 95.3657 83.0394 0.0000 96.6651 105.1081
96.6865 102.7886 88.8016 95.0693 98.2980 101.8517 108.6577 101.9460 85.6569 89.7730 98.6914 88.8756 105.1531 79.6190 112.6484 85.2461 99.7423 92.4694 103.4789 100.7039 98.2655 79.0227 96.6651 0.0000 96.2057
101.6108 91.0995 84.0888 110.0928 87.4308 90.2372 112.4251 80.1212 109.8362 104.8195 109.9074 102.5422 102.3341 95.0039 108.8598 107.5304 99.2238 105.0073 69.1686 99.1023 103.0530 82.1112 105.1081 96.2057 0.0000
