50
0.0000 100.8405 92.8356 102.3752 101.1298 110.2893 89.7640 103.7142 95.9760 105.8016 100.1325 104.5752 104.3355 112.8889 103.3354 110.0665 93.5499 103.4043 104.9401 119.9009 90.5884 96.9001 113.7219 110.0990 108.0760 96.1592 97.4699 96.6241 87.0314 90.6736 99.7709 87.9433 84.3292 109.1629 93.6337 97.4801 89.3033 96.7009 95.7496 108.7093 100.5977 100.7300 108.9341 102.5627 111.1727 82.1324 100.1021 92.0637 107.7107 85.2220
100.8405 0.0000 98.4505 120.0156 85.8917 88.1991 105.0923 109.2845 89.2859 101.6570 87.2262 80.7082 111.0077 113.7878 99.6203 97.5252 82.2898 85.3103 88.3494 117.4542 95.5398 111.6922 114.4613 88.2463 93.3592 109.0739 86.3479 96.6703 98.4085 110.3573 109.1418 98.8396 96.0239 102.2707 76.8089 108.9252 95.6031 106.9019 107.6129 79.3627 128.2511 111.9026 107.8282 96.1798 96.8683 109.1950 101.1019 109.7136 95.2730 114.5861
92.8356 98.4505 0.0000 98.4367 103.9983 109.0053 90.0611 100.5308 94.8604 98.5419 99.1218 83.6681 105.1809 91.6901 97.8400 102.3791 101.0649 94.2219 116.7476 108.6543 87.2918 119.2117 81.4264 106.6695 91.2797 89.1303 95.9912 102.4386 93.0867 104.9130 114.0080 96.1499 95.5341 106.0737 94.0745 95.0665 103.9025 97.9185 91.4995 79.6295 105.2276 100.3791 102.5868 94.7526 97.9088 103.9651 112.6939 90.6438 100.1124 100.4557
102.3752 120.0156 98.4367 0.0000 84.5314 86.5207 102.6007 97.2284 111.6170 83.0084 93.3635 113.3943 114.8129 109.9619 100.5717 70.4162 107.3875 98.6271 94.4364 91.3126 94.2753 98.2716 116.1634 93.4527 98.6712 118.4483 108.3136 94.4021 99.0623 102.0829 105.1276 107.0233 98.5833 94.4542 96.9617 96.2034 97.4760 99.0426 88.0701 90.3598 98.3226 88.3838 124.0843 93.8192 96.3699 127.1022 87.9533 86.8124 100.5221 118.8218
101.1298 85.8917 103.9983 84.5314 0.0000 92.9229 103.1612 92.9536 95.6582 101.3112 98.3393 102.9996 98.9425 114.5765 99.2024 95.8906 106.4403 121.9894 92.4018 110.2465 101.1227 103.4316 98.5077 91.0381 98.5727 89.5987 91.0054 99.8983 125.9331 83.8940 90.5899 104.2791 77.0774 96.1100 103.8020 88.7069 105.9673 107.6216 87.2918 108.1216 99.3429 97.5964 108.2403 107.1233 108.4262 116.4798 99.1919 107.9474 103.1033 97.1714
110.2893 88.1991 109.0053 86.5207 92.9229 0.0000 99.7491 92.3420 97.6796 96.3690 113.8675 108.1985 110.5612 102.2617 87.4997 111.8127 99.9621 107.7135 95.3444 106.3677 111.2480 105.6343 114.0558 106.4845 97.8864 109.7171 98.9388 99.5464 98.7275 99.3191 97.7136 118.1425 101.7705 101.4831 107.6165 98.8692 112.3149 104.0615 100.9296 101.6251 94.6992 109.7272 99.1101 97.3581 91.9457 100.6818 117.9788 100.0898 104.0643 102.4407
89.7640 105.0923 90.0611 102.6007 103.1612 99.7491 0.0000 93.8867 94.3088 103.1686 97.1634 103.2557 96.3511 103.2060 79.0261 105.9994 93.1491 82.5359 98.2989 101.3237 95.6676 107.9599 97.9738 102.2646 129.0181 106.2203 98.0340 88.4144 84.8115 92.7808 100.4451 93.6987 110.6132 96.1507 94.3593 109.5854 109.3268 99.9253 83.5547 104.5380 96.5390 82.2684 105.8358 86.6985 116.9788 113.2730 89.6674 91.8263 87.2863 103.1773
103.7142 109.2845 100.5308 97.2284 92.9536 92.3420 93.8867 0.0000 104.7215 102.1951 82.0347 90.9380 92.7482 102.0618 102.8997 100.7221 108.5875 104.0546 122.8223 115.6799 95.4955 116.0769 114.1573 87.7115 99.0249 86.3998 69.4564 103.9893 77.5791 102.9919 100.7420 117.2967 96.1064 91.5293 92.4901 96.0249 120.6327 113.8427 87.4094 101.1497 86.5813 85.3529 100.4539 97.3519 105.6138 101.8506 99.6064 104.9445 89.6110 95.6431
95.9760 89.2859 94.8604 111.6170 95.6582 97.6796 94.3088 104.7215 0.0000 108.1798 99.3260 124.4990 87.6317 90.5346 83.3258 113.4448 99.3856 91.0583 93.0652 98.8905 116.8382 109.1623 89.3426 90.3829 94.7975 102.3285 87.4097 100.6348 104.4370 94.5004 104.1435 109.1575 109.9629 101.6551 99.8323 79.5441 105.0921 102.6684 113.7960 83.7552 94.7211 94.0640 98.6190 97.2679 86.0203 95.0088 90.4959 102.4083 112.7546 85.0633
105.8016 101.6570 98.5419 83.0084 101.3112 96.3690 103.1686 102.1951 108.1798 0.0000 105.7620 99.1329 108.4512 99.2976 97.9617 100.0579 95.9498 88.5895 98.6671 85.9890 101.1192 102.3867 99.7972 114.6350 97.2566 92.5575 113.0939 81.2297 102.1053 80.4403 105.3071 91.8236 93.9036 104.1195 112.3723 109.0453 105.8127 90.2224 103.8881 88.9674 95.3717 101.1628 108.2488 89.6277 95.3461 117.1171 92.3906 107.9073 102.1864 99.1660
100.1325 87.2262 99.1218 93.3635 98.3393 113.8675 97.1634 82.0347 99.3260 105.7620 0.0000 98.1108 97.9834 113.4285 114.8369 114.6815 84.4669 111.3035 99.5585 93.9520 101.7394 106.8961 83.7710 99.1423 103.8529 105.1026 87.0938 102.5381 99.3736 100.1658 101.7904 82.5325 109.3876 86.9988 86.4483 97.4679 108.2358 101.4159 100.0925 90.2603 105.8766 116.9371 102.9464 77.6846 108.3194 107.1357 105.6552 96.1112 91.2025 111.2242
104.5752 80.7082 83.6681 113.3943 102.9996 108.1985 103.2557 90.9380 124.4990 99.1329 98.1108 0.0000 108.5468 113.5334 89.2083 89.7773 118.7349 124.1676 94.5938 83.1949 106.2683 109.0529 103.3370 104.5001 117.2282 96.9315 101.2083 100.1720 107.6037 73.7135 96.4709 102.6011 94.7701 88.2923 105.1336 84.5309 112.3628 74.5980 87.3832 99.6619 93.4591 96.4346 91.6904 109.1891 104.8959 85.5401 97.0858 94.0751 109.9521 96.3205
104.3355 111.0077 105.1809 114.8129 98.9425 110.5612 96.3511 92.7482 87.6317 108.4512 97.9834 108.5468 0.0000 102.7103 113.6374 92.9320 89.4212 91.9704 96.8572 85.2162 102.7419 100.0227 104.4314 100.7967 98.6251 96.2828 117.0474 103.5313 103.1928 113.9188 115.0046 99.5036 97.6770 97.0565 102.1650 109.2980 94.7073 96.7541 109.4381 84.3105 97.8446 81.7879 107.8077 103.6616 96.1335 90.0125 110.6475 90.3275 93.9501 110.4750
112.8889 113.7878 91.6901 109.9619 114.5765 102.2617 103.2060 102.0618 90.5346 99.2976 113.4285 113.5334 102.7103 0.0000 98.3438 99.3584 87.9155 92.9428 90.2088 101.3096 114.3762 105.8884 112.8367 111.5365 101.2249 90.9504 106.6394 112.4034 97.6926 115.4625 100.4436 104.0372 104.3167 113.6276 84.6236 99.6148 98.3107 103.8785 117.7069 94.4260 88.8794 104.0945 100.4780 87.3576 112.5447 93.7033 104.0809 98.5202 98.0472 109.6746
103.3354 99.6203 97.8400 100.5717 99.2024 87.4997 79.0261 102.8997 83.3258 97.9617 114.8369 89.2083 113.6374 98.3438 0.0000 89.9629 84.0418 93.4552 92.4583 101.2350 99.4068 96.7490 125.0492 103.3048 100.6626 103.5299 103.6729 95.4667 77.6512 103.1746 110.0408 96.9297 82.2792 112.1051 113.5827 86.6981 91.3778 101.0577 97.3493 100.4259 85.0828 93.8975 84.5415 99.5578 95.5016 97.0822 94.2574 95.6667 80.5297 106.3054
110.0665 97.5252 102.3791 70.4162 95.8906 111.8127 105.9994 100.7221 113.4448 100.0579 114.6815 89.7773 92.9320 99.3584 89.9629 0.0000 107.2311 93.0835 112.0884 110.3264 91.4131 101.3495 102.7776 100.9948 95.7640 108.7292 110.1885 88.8831 96.7850 101.5211 102.8184 98.4440 106.4617 103.9737 127.1869 108.9610 103.7475 98.3690 105.0667 107.3242 93.3791 105.3240 92.5833 96.8163 88.3618 85.5899 101.1929 90.0043 118.9743 97.3073
93.5499 82.2898 101.0649 107.3875 106.4403 99.9621 93.1491 108.5875 99.3856 95.9498 84.4669 118.7349 89.4212 87.9155 84.0418 107.2311 0.0000 98.7466 114.0084 102.0956 104.4766 107.0598 110.5294 109.6214 117.6431 106.4441 91.4975 92.2818 79.7484 96.0850 100.6909 120.5647 88.7742 91.3428 89.7668 108.0727 115.9766 89.2259 102.3292 114.7907 108.9027 99.3536 97.7717 101.4061 101.8668 107.0808 99.0068 104.6474 112.2668 77.3047
103.4043 85.3103 94.2219 98.6271 121.9894 107.7135 82.5359 104.0546 91.0583 88.5895 111.3035 124.1676 91.9704 92.9428 93.4552 93.0835 98.7466 0.0000 96.4203 111.8547 88.7333 106.3618 111.0817 97.3216 106.6068 99.0909 108.2467 98.1179 109.8889 85.4026 109.7528 110.6684 84.5077 111.6793 114.4455 110.8755 102.5338 101.3796 87.3754 116.4882 103.1350 97.4984 103.7342 91.2344 95.4289 109.7318 84.4940 96.5140 93.0237 116.4450
104.9401 88.3494 116.7476 94.4364 92.4018 95.3444 98.2989 122.8223 93.0652 98.6671 99.5585 94.5938 96.8572 90.2088 92.4583 112.0884 114.0084 96.4203 0.0000 100.2498 89.1615 87.9845 103.9951 99.5019 86.3172 97.3834 96.6005 86.4693 95.1273 99.0378 82.8044 100.2313 91.5889 86.0412 94.0064 104.3665 96.0887 104.2215 103.1018 98.2647 87.6651 92.2580 91.1578 92.6017 99.7795 106.5346 116.4847 87.8696 103.9531 97.8963
119.9009 117.4542 108.6543 91.3126 110.2465 106.3677 101.3237 115.6799 98.8905 85.9890 93.9520 83.1949 85.2162 101.3096 101.2350 110.3264 102.0956 111.8547 100.2498 0.0000 91.0784 97.3720 104.9680 123.6104 87.1789 103.0781 97.8992 97.0964 92.0893 91.5562 97.6626 76.6070 96.5774 105.7115 115.0252 86.7055 73.7559 107.3964 110.0644 104.6117 93.9843 91.2610 100.9411 101.5828 109.3381 115.1904 88.7136 100.7875 91.2734 102.0607
90.5884 95.5398 87.2918 94.2753 101.1227 111.2480 95.6676 95.4955 116.8382 101.1192 101.7394 106.2683 102.7419 114.3762 99.4068 91.4131 104.4766 88.7333 89.1615 91.0784 0.0000 70.0712 83.5585 104.5283 93.4125 97.4478 95.6564 111.2200 96.9995 99.9842 105.5420 83.6338 75.6436 90.3472 82.5272 98.3701 110.6106 104.4087 93.8006 87.3975 98.7901 85.6970 104.7866 110.6062 107.2878 96.4680 115.5052 103.3281 101.4964 112.1364
96.9001 111.6922 119.2117 98.2716 103.4316 105.6343 107.9599 116.0769 109.1623 102.3867 106.8961 109.0529 100.0227 105.8884 96.7490 101.3495 107.0598 106.3618 87.9845 97.3720 70.0712 0.0000 95.8731 94.0839 100.7935 111.2482 108.6698 112.3102 81.0824 117.1352 109.9211 97.4023 99.9109 93.0820 115.5085 99.4384 108.6076 97.5627 87.7748 86.5807 102.7193 98.8351 114.6897 114.3458 100.2232 79.3794 100.6453 114.1017 103.4082 104.0399
113.7219 114.4613 81.4264 116.1634 98.5077 114.0558 97.9738 114.1573 89.3426 99.7972 83.7710 103.3370 104.4314 112.8367 125.0492 102.7776 110.5294 111.0817 103.9951 104.9680 83.5585 95.8731 0.0000 92.4455 104.9929 101.1014 79.4311 95.4736 115.3267 94.4930 95.4621 101.0350 110.9178 77.1085 113.5252 99.2883 93.1922 81.0525 81.8151 105.9277 95.7225 102.0934 112.0761 99.3573 103.2201 90.0062 78.8629 100.2214 98.5206 110.0455
110.0990 88.2463 106.6695 93.4527 91.0381 106.4845 102.2646 87.7115 90.3829 114.6350 99.1423 104.5001 100.7967 111.5365 103.3048 100.9948 109.6214 97.3216 99.5019 123.6104 104.5283 94.0839 92.4455 0.0000 100.0903 99.0007 101.4197 99.4042 100.8501 94.9414 110.7364 120.2813 99.8037 90.4984 90.0406 88.2736 94.0936 101.3161 90.4791 93.7852 104.3653 88.5247 102.3032 95.4468 107.6828 87.5053 79.9765 103.0165 110.2377 115.3226
108.0760 93.3592 91.2797 98.6712 98.5727 97.8864 129.0181 99.0249 94.7975 97.2566 103.8529 117.2282 98.6251 101.2249 100.6626 95.7640 117.6431 106.6068 86.3172 87.1789 93.4125 100.7935 104.9929 100.0903 0.0000 106.6330 114.5343 114.4784 95.4742 109.9307 106.8532 112.1037 101.0795 79.3679 80.0582 90.4380 94.8043 89.1093 122.9400 108.0070 97.6093 99.9512 108.2327 116.6025 96.1170 75.3280 111.7652 115.3605 104.1024 105.5856
96.1592 109.0739 89.1303 118.4483 89.5987 109.7171 106.2203 86.3998 102.3285 92.5575 105.1026 96.9315 96.2828 90.9504 103.5299 108.7292 106.4441 99.0909 97.3834 103.0781 97.4478 111.2482 101.1014 99.0007 106.6330 0.0000 91.6279 87.5515 106.9807 102.3364 87.1862 107.6019 100.3905 85.7225 93.9858 103.7086 85.6880 99.6983 96.5253 80.2940 98.3070 87.6208 116.1231 125.5129 86.8320 106.5157 96.8127 97.7029 101.9530 103.8970
97.4699 86.3479 95.9912 108.3136 91.0054 98.9388 98.0340 69.4564 87.4097 113.0939 87.0938 101.2083 117.0474 106.6394 103.6729 110.1885 91.4975 108.2467 96.6005 97.8992 95.6564 108.6698 79.4311 101.4197 114.5343 91.6279 0.0000 100.1870 94.0161 92.6382 107.9253 106.0824 92.0937 118.8325 89.7081 96.2395 92.7153 118.3900 98.4168 108.2342 103.6673 107.0680 100.2164 90.2627 89.3650 106.1636 97.0130 100.1397 79.1155 92.1202
96.6241 96.6703 102.4386 94.4021 99.8983 99.5464 88.4144 103.9893 100.6348 81.2297 102.5381 100.1720 103.5313 112.4034 95.4667 88.8831 92.2818 98.1179 86.4693 97.0964 111.2200 112.3102 95.4736 99.4042 114.4784 87.5515 100.1870 0.0000 90.4414 118.6794 98.8117 97.2596 82.0231 91.5082 86.4618 104.1429 84.1300 104.9500 109.6710 79.7876 111.7094 98.4267 86.6966 110.1094 104.9971 107.7871 101.9063 114.1555 100.1971 109.4365
87.0314 98.4085 93.0867 99.0623 125.9331 98.7275 84.8115 77.5791 104.4370 102.1053 99.3736 107.6037 103.1928 97.6926 77.6512 96.7850 79.7484 109.8889 95.1273 92.0893 96.9995 81.0824 115.3267 100.8501 95.4742 106.9807 94.0161 90.4414 0.0000 94.8381 104.9761 118.3878 105.1629 104.3955 98.8715 115.2219 113.5781 122.5928 95.4225 82.1475 114.2757 88.2932 106.2833 109.5217 94.6192 94.5571 91.5704 95.6531 90.6015 110.3038
90.6736 110.3573 104.9130 102.0829 83.8940 99.3191 92.7808 102.9919 94.5004 80.4403 100.1658 73.7135 113.9188 115.4625 103.1746 101.5211 96.0850 85.4026 99.0378 91.5562 99.9842 117.1352 94.4930 94.9414 109.9307 102.3364 92.6382 118.6794 94.8381 0.0000 110.1718 111.7802 90.5283 94.2002 92.3431 78.7938 94.1677 116.8265 97.1097 103.2586 92.5228 94.4311 104.3230 113.1618 109.1287 99.2702 116.9360 116.3220 95.0749 98.7959
99.7709 109.1418 114.0080 105.1276 90.5899 97.7136 100.4451 100.7420 104.1435 105.3071 101.7904 96.4709 115.0046 100.4436 110.0408 102.8184 100.6909 109.7528 82.8044 97.6626 105.5420 109.9211 95.4621 110.7364 106.8532 87.1862 107.9253 98.8117 104.9761 110.1718 0.0000 122.6278 108.7475 117.7069 97.7071 89.8080 102.8556 98.4998 97.7963 95.3252 92.0489 109.8788 83.8135 95.3624 100.4528 106.8879 97.1358 108.7597 108.5166 109.5701
87.9433 98.8396 96.1499 107.0233 104.2791 118.1425 93.6987 117.2967 109.1575 91.8236 82.5325 102.6011 99.5036 104.0372 96.9297 98.4440 120.5647 110.6684 100.2313 76.6070 83.6338 97.4023 101.0350 120.2813 112.1037 107.6019 106.0824 97.2596 118.3878 111.7802 122.6278 0.0000 95.0848 92.3657 116.2483 90.8285 108.9358 117.9864 107.8544 87.9997 96.7386 103.6997 109.3626 83.9308 104.3813 115.5912 98.9335 118.4758 108.7969 115.3232
84.3292 96.0239 95.5341 98.5833 77.0774 101.7705 110.6132 96.1064 109.9629 93.9036 109.3876 94.7701 97.6770 104.3167 82.2792 106.4617 88.7742 84.5077 91.5889 96.5774 75.6436 99.9109 110.9178 99.8037 101.0795 100.3905 92.0937 82.0231 105.1629 90.5283 108.7475 95.0848 0.0000 94.9304 93.7265 89.8332 109.4933 99.8815 96.8229 101.1854 109.4972 113.3458 99.1690 100.5529 111.3592 91.6745 88.1898 92.5895 80.2373 87.7037
109.1629 102.2707 106.0737 94.4542 96.1100 101.4831 96.1507 91.5293 101.6551 104.1195 86.9988 88.2923 97.0565 113.6276 112.1051 103.9737 91.3428 111.6793 86.0412 105.7115 90.3472 93.0820 77.1085 90.4984 79.3679 85.7225 118.8325 91.5082 104.3955 94.2002 117.7069 92.3657 94.9304 0.0000 100.9970 89.6943 103.0209 114.7911 93.8674 97.7106 95.4698 97.5480 84.2930 106.4473 92.4170 97.5446 101.3128 105.7883 104.6496 101.5686
93.6337 76.8089 94.0745 96.9617 103.8020 107.6165 94.3593 92.4901 99.8323 112.3723 86.4483 105.1336 102.1650 84.6236 113.5827 127.1869 89.7668 114.4455 94.0064 115.0252 82.5272 115.5085 113.5252 90.0406 80.0582 93.9858 89.7081 86.4618 98.8715 92.3431 97.7071 116.2483 93.7265 100.9970 0.0000 106.1527 100.4482 88.0890 103.6122 88.9994 103.0542 90.7580 91.4212 87.4060 113.1013 86.3225 105.3211 74.8918 116.5410 89.9042
97.4801 108.9252 95.0665 96.2034 88.7069 98.8692 109.5854 96.0249 79.5441 109.0453 97.4679 84.5309 109.2980 99.6148 86.6981 108.9610 108.0727 110.8755 104.3665 86.7055 98.3701 99.4384 99.2883 88.2736 90.4380 103.7086 96.2395 104.1429 115.2219 78.7938 89.8080 90.8285 89.8332 89.6943 106.1527 0.0000 104.3713 87.2469 103.7298 112.6827 91.5952 103.2940 94.8005 107.1627 104.9773 77.8146 84.4034 116.2016 79.9504 91.4879
89.3033 95.6031 103.9025 97.4760 105.9673 112.3149 109.3268 120.6327 105.0921 105.8127 108.2358 112.3628 94.7073 98.3107 91.3778 103.7475 115.9766 102.5338 96.0887 73.7559 110.6106 108.6076 93.1922 94.0936 94.8043 85.6880 92.7153 84.1300 113.5781 94.1677 102.8556 108.9358 109.4933 103.0209 100.4482 104.3713 0.0000 92.9162 92.3311 110.7995 93.6390 98.0554 95.1637 99.6295 91.8919 95.2250 72.1760 104.7893 105.6159 103.5892
96.7009 106.9019 97.9185 99.0426 107.6216 104.0615 99.9253 113.8427 102.6684 90.2224 101.4159 74.5980 96.7541 103.8785 101.0577 98.3690 89.2259 101.3796 104.2215 107.3964 104.4087 97.5627 81.0525 101.3161 89.1093 99.6983 118.3900 104.9500 122.5928 116.8265 98.4998 117.9864 99.8815 114.7911 88.0890 87.2469 92.9162 0.0000 95.6097 95.9422 100.8593 100.1315 89.5316 98.1102 112.7949 108.5125 95.3543 103.6414 111.8910 85.1647
95.7496 107.6129 91.4995 88.0701 87.2918 100.9296 83.5547 87.4094 113.7960 103.8881 100.0925 87.3832 109.4381 117.7069 97.3493 105.0667 102.3292 87.3754 103.1018 110.0644 93.8006 87.7748 81.8151 90.4791 122.9400 96.5253 98.4168 109.6710 95.4225 97.1097 97.7963 107.8544 96.8229 93.8674 103.6122 103.7298 92.3311 95.6097 0.0000 111.3112 105.4860 94.4294 98.8978 99.9130 87.9835 106.1508 87.9060 102.5723 99.8001 80.9909
108.7093 79.3627 79.6295 90.3598 108.1216 101.6251 104.5380 101.1497 83.7552 88.9674 90.2603 99.6619 84.3105 94.4260 100.4259 107.3242 114.7907 116.4882 98.2647 104.6117 87.3975 86.5807 105.9277 93.7852 108.0070 80.2940 108.2342 79.7876 82.1475 103.2586 95.3252 87.9997 101.1854 97.7106 88.9994 112.6827 110.7995 95.9422 111.3112 0.0000 99.4379 97.7296 90.0946 93.1373 106.4415 101.7730 86.8212 105.4428 87.9477 105.5607
100.5977 128.2511 105.2276 98.3226 99.3429 94.6992 96.5390 86.5813 94.7211 95.3717 105.8766 93.4591 97.8446 88.8794 85.0828 93.3791 108.9027 103.1350 87.6651 93.9843 98.7901 102.7193 95.7225 104.3653 97.6093 98.3070 103.6673 111.7094 114.2757 92.5228 92.0489 96.7386 109.4972 95.4698 103.0542 91.5952 93.6390 100.8593 105.4860 99.4379 0.0000 114.7568 99.0424 99.0246 113.9910 93.1130 96.7991 92.8974 99.5738 94.4692
100.7300 111.9026 100.3791 88.3838 97.5964 109.7272 82.2684 85.3529 94.0640 101.1628 116.9371 96.4346 81.7879 104.0945 93.8975 105.3240 99.3536 97.4984 92.2580 91.2610 85.6970 98.8351 102.0934 88.5247 99.9512 87.6208 107.0680 98.4267 88.2932 94.4311 109.8788 103.6997 113.3458 97.5480 90.7580 103.2940 98.0554 100.1315 94.4294 97.7296 114.7568 0.0000 106.8937 93.0602 104.9943 83.1435 104.8130 111.0808 98.1185 86.8338
108.9341 107.8282 102.5868 124.0843 108.2403 99.1101 105.8358 100.4539 98.6190 108.2488 102.9464 91.6904 107.8077 100.4780 84.5415 92.5833 97.7717 103.7342 91.1578 100.9411 104.7866 114.6897 112.0761 102.3032 108.2327 116.1231 100.2164 86.6966 106.2833 104.3230 83.8135 109.3626 99.1690 84.2930 91.4212 94.8005 95.1637 89.5316 98.8978 90.0946 99.0424 106.8937 0.0000 103.6631 103.1139 98.0987 100.9785 102.0488 98.4491 110.7139
102.5627 96.1798 94.7526 93.8192 107.1233 97.3581 86.6985 97.3519 97.2679 89.6277 77.6846 109.1891 103.6616 87.3576 99.5578 96.8163 101.4061 91.2344 92.6017 101.5828 110.6062 114.3458 99.3573 95.4468 116.6025 125.5129 90.2627 110.1094 109.5217 113.1618 95.3624 83.9308 100.5529 106.4473 87.4060 107.1627 99.6295 98.1102 99.9130 93.1373 99.0246 93.0602 103.6631 0.0000 97.0127 100.6606 86.9297 105.6958 100.3754 116.9808
111.1727 96.8683 97.9088 96.3699 108.4262 91.9457 116.9788 105.6138 86.0203 95.3461 108.3194 104.8959 96.1335 112.5447 95.5016 88.3618 101.8668 95.4289 99.7795 109.3381 107.2878 100.2232 103.2201 107.6828 96.1170 86.8320 89.3650 104.9971 94.6192 109.1287 100.4528 104.3813 111.3592 92.4170 113.1013 104.9773 91.8919 112.7949 87.9835 106.4415 113.9910 104.9943 103.1139 97.0127 0.0000 98.4971 106.4127 118.1253 76.4316 111.1080
82.1324 109.1950 103.9651 127.1022 116.4798 100.6818 113.2730 101.8506 95.0088 117.1171 107.1357 85.5401 90.0125 93.7033 97.0822 85.5899 107.0808 109.7318 106.5346 115.1904 96.4680 79.3794 90.0062 87.5053 75.3280 106.5157 106.1636 107.7871 94.5571 99.2702 106.8879 115.5912 91.6745 97.5446 86.3225 77.8146 95.2250 108.5125 106.1508 101.7730 93.1130 83.1435 98.0987 100.6606 98.4971 0.0000 92.6524 105.5216 96.7375 111.0354
100.1021 101.1019 112.6939 87.9533 99.1919 117.9788 89.6674 99.6064 90.4959 92.3906 105.6552 97.0858 110.6475 104.0809 94.2574 101.1929 99.0068 84.4940 116.4847 88.7136 115.5052 100.6453 78.8629 79.9765 111.7652 96.8127 97.0130 101.9063 91.5704 116.9360 97.1358 98.9335 88.1898 101.3128 105.3211 84.4034 72.1760 95.3543 87.9060 86.8212 96.7991 104.8130 100.9785 86.9297 106.4127 92.6524 0.0000 102.8413 107.3084 75.4908
92.0637 109.7136 90.6438 86.8124 107.9474 100.0898 91.8263 104.9445 102.4083 107.9073 96.1112 94.0751 90.3275 98.5202 95.6667 90.0043 104.6474 96.5140 87.8696 100.7875 103.3281 114.1017 100.2214 103.0165 115.3605 97.7029 100.1397 114.1555 95.6531 116.3220 108.7597 118.4758 92.5895 105.7883 74.8918 116.2016 104.7893 103.6414 102.5723 105.4428 92.8974 111.0808 102.0488 105.6958 118.1253 105.5216 102.8413 0.0000 109.7019 103.3961
107.7107 95.2730 100.1124 100.5221 103.1033 104.0643 87.2863 89.6110 112.7546 102.1864 91.2025 109.9521 93.9501 98.0472 80.5297 118.9743 112.2668 93.0237 103.9531 91.2734 101.4964 103.4082 98.5206 110.2377 104.1024 101.9530 79.1155 100.1971 90.6015 95.0749 108.5166 108.7969 80.2373 104.6496 116.5410 79.9504 105.6159 111.8910 99.8001 87.9477 99.5738 98.1185 98.4491 100.3754 76.4316 96.7375 107.3084 109.7019 0.0000 117.5372
85.2220 114.5861 100.4557 118.8218 97.1714 102.4407 103.1773 95.6431 85.0633 99.1660 111.2242 96.3205 110.4750 109.6746 106.3054 97.3073 77.3047 116.4450 97.8963 102.0607 112.1364 104.0399 110.0455 115.3226 105.5856 103.8970 92.1202 109.4365 110.3038 98.7959 109.5701 115.3232 87.7037 101.5686 89.9042 91.4879 103.5892 85.1647 80.9909 105.5607 94.4692 86.8338 110.7139 116.9808 111.1080 111.0354 75.4908 103.3961 117.5372 0.0000
